rACp=0.5765;
rAGp=5.9553;
rATp=0.1534;
rCGp=1.5734;
rTCp=4.1543;
rTGp=1;
piAp=0.2451;
piCp=0.3243;
piGp=0.2226;
piTp=0.2080;
piT1=0.213745271;
piC1=0.316519546;
piA1=0.239596469;
piG1=0.230138714;
piT2=0.217673814;
piC2=0.319038337;
piA2=0.253411306;
piG2=0.209876543;
piT3=0.220200753;
piC3=0.309284818;
piA3=0.259723965;
piG3=0.210790464;
piT4=0.216182048;
piC4=0.316055626;
piA4=0.251580278;
piG4=0.216182048;
