rACp=1.0845;
rAGp=5.7858;
rATp=0.5374;
rCGp=1.4786;
rTCp=6.7779;
rTGp=1;
piAp=0.2844;
piCp=0.2007;
piGp=0.2222;
piTp=0.2926;
piT1=0.297800338;
piC1=0.191201354;
piA1=0.287648054;
piG1=0.223350254;
piT2=0.294368601;
piC2=0.194539249;
piA2=0.283276451;
piG2=0.227815700;
piT3=0.291032149;
piC3=0.203045685;
piA3=0.285956007;
piG3=0.219966159;
piT4=0.299239222;
piC4=0.194420964;
piA4=0.289940828;
piG4=0.216398986;
