rACp=0.9932;
rAGp=5.5529;
rATp=0.4202;
rCGp=1.4499;
rTCp=5.5529;
rTGp=1;
piAp=0.25;
piCp=0.25;
piGp=0.25;
piTp=0.25;
piT1=0.178260870;
piC1=0.242753623;
piA1=0.326811594;
piG1=0.252173913;
piT2=0.199853049;
piC2=0.218956650;
piA2=0.345334313;
piG2=0.235855988;
piT3=0.198727016;
piC3=0.219943423;
piA3=0.343705799;
piG3=0.237623762;
piT4=0.210937500;
piC4=0.210227273;
piA4=0.348011364;
piG4=0.230823864;
