rACp=1.0173;
rAGp=4.5181;
rATp=0.4044;
rCGp=1.661;
rTCp=6.8551;
rTGp=1;
piAp=0.25;
piCp=0.25;
piGp=0.25;
piTp=0.25;
piT1=0.268801191;
piC1=0.203276247;
piA1=0.301563663;
piG1=0.226358898;
piT2=0.272318080;
piC2=0.201800450;
piA2=0.307576894;
piG2=0.218304576;
piT3=0.260223048;
piC3=0.217100372;
piA3=0.301115242;
piG3=0.221561338;
piT4=0.274074074;
piC4=0.200000000;
piA4=0.307407407;
piG4=0.218518519;
