rACp=1.343;
rAGp=9.169;
rATp=0.5712;
rCGp=1.6909;
rTCp=9.169;
rTGp=1;
piAp=0.25;
piCp=0.25;
piGp=0.25;
piTp=0.25;
piT1=0.306279621;
piC1=0.211492891;
piA1=0.262440758;
piG1=0.219786730;
piT2=0.303377563;
piC2=0.213510253;
piA2=0.259951749;
piG2=0.223160434;
piT3=0.299347955;
piC3=0.216953171;
piA3=0.263781861;
piG3=0.219917012;
piT4=0.308649289;
piC4=0.206753555;
piA4=0.261848341;
piG4=0.222748815;
