rACp=0.9792;
rAGp=6.92;
rATp=0.4087;
rCGp=1.4245;
rTCp=6.5425;
rTGp=1;
piAp=0.25;
piCp=0.25;
piGp=0.25;
piTp=0.25;
piT1=0.310763889;
piC1=0.217592593;
piA1=0.255208333;
piG1=0.216435185;
piT2=0.309246785;
piC2=0.218003674;
piA2=0.250459277;
piG2=0.222290263;
piT3=0.310225303;
piC3=0.216637782;
piA3=0.248989024;
piG3=0.224147891;
piT4=0.305636258;
piC4=0.220801859;
piA4=0.256827426;
piG4=0.216734457;
