rACp=0.6432;
rAGp=6.9979;
rATp=0.6432;
rCGp=1;
rTCp=10.2624;
rTGp=1;
piAp=0.1769;
piCp=0.3319;
piGp=0.3120;
piTp=0.1792;
piT1=0.171800137;
piC1=0.340177960;
piA1=0.168377823;
piG1=0.319644079;
piT2=0.176757133;
piC2=0.333333333;
piA2=0.170494085;
piG2=0.319415449;
piT3=0.170881750;
piC3=0.343130554;
piA3=0.168147642;
piG3=0.317840055;
piT4=0.178082192;
piC4=0.332191781;
piA4=0.172602740;
piG4=0.317123288;
