rACp=1.643;
rAGp=13.5033;
rATp=1;
rCGp=1.643;
rTCp=13.5033;
rTGp=1;
piAp=0.2765;
piCp=0.2339;
piGp=0.2282;
piTp=0.2615;
piT1=0.265726044;
piC1=0.231628454;
piA1=0.270429159;
piG1=0.232216343;
piT2=0.261676647;
piC2=0.232335329;
piA2=0.273053892;
piG2=0.232934132;
piT3=0.263219741;
piC3=0.235605170;
piA3=0.269682726;
piG3=0.231492362;
piT4=0.265450265;
piC4=0.230135374;
piA4=0.281930547;
piG4=0.222483814;
