rACp=1.1254;
rAGp=7.8079;
rATp=0.3986;
rCGp=1.1735;
rTCp=7.8079;
rTGp=1;
piAp=0.25;
piCp=0.25;
piGp=0.25;
piTp=0.25;
piT1=0.294117647;
piC1=0.219411765;
piA1=0.244705882;
piG1=0.241764706;
piT2=0.295850872;
piC2=0.214070956;
piA2=0.248346362;
piG2=0.241731810;
piT3=0.287227781;
piC3=0.223660977;
piA3=0.244849912;
piG3=0.244261330;
piT4=0.302241066;
piC4=0.210175651;
piA4=0.249545730;
piG4=0.238037553;
