rACp=0.8704;
rAGp=6.3466;
rATp=0.4282;
rCGp=1.6395;
rTCp=6.3466;
rTGp=1;
piAp=0.2713;
piCp=0.2115;
piGp=0.1762;
piTp=0.3411;
piT1=0.343069874;
piC1=0.209621993;
piA1=0.272623139;
piG1=0.174684994;
piT2=0.345381526;
piC2=0.207114171;
piA2=0.273092369;
piG2=0.174411933;
piT3=0.343434343;
piC3=0.208193042;
piA3=0.272166105;
piG3=0.176206510;
piT4=0.344117647;
piC4=0.210000000;
piA4=0.271176471;
piG4=0.174705882;
