rACp=0.9901;
rAGp=4.9716;
rATp=0.6297;
rCGp=1.3869;
rTCp=6.1349;
rTGp=1;
piAp=0.3066;
piCp=0.2057;
piGp=0.2454;
piTp=0.2422;
piT1=0.235036496;
piC1=0.209489051;
piA1=0.300000000;
piG1=0.255474453;
piT2=0.239882266;
piC2=0.210448859;
piA2=0.305371597;
piG2=0.244297277;
piT3=0.239373602;
piC3=0.213273676;
piA3=0.304250559;
piG3=0.243102163;
piT4=0.245421245;
piC4=0.204395604;
piA4=0.304761905;
piG4=0.245421245;
