rACp=0.711;
rAGp=5.4033;
rATp=0.4559;
rCGp=1.2566;
rTCp=6.5342;
rTGp=1;
piAp=0.3149;
piCp=0.2463;
piGp=0.2384;
piTp=0.2005;
piT1=0.195961107;
piC1=0.252804787;
piA1=0.304412865;
piG1=0.246821242;
piT2=0.201257862;
piC2=0.240566038;
piA2=0.320754717;
piG2=0.237421384;
piT3=0.202095808;
piC3=0.241766467;
piA3=0.318862275;
piG3=0.237275449;
piT4=0.196414653;
piC4=0.251753702;
piA4=0.318004677;
piG4=0.233826968;
