rACp=0.9003;
rAGp=4.9954;
rATp=0.4532;
rCGp=1.0884;
rTCp=4.9954;
rTGp=1;
piAp=0.25;
piCp=0.25;
piGp=0.25;
piTp=0.25;
piT1=0.300263852;
piC1=0.199472296;
piA1=0.264379947;
piG1=0.235883905;
piT2=0.309486781;
piC2=0.193364438;
piA2=0.274235355;
piG2=0.222913427;
piT3=0.300000000;
piC3=0.200526316;
piA3=0.266842105;
piG3=0.232631579;
piT4=0.307652264;
piC4=0.191046330;
piA4=0.276418532;
piG4=0.224882874;
