rACp=1;
rAGp=8.4801;
rATp=1;
rCGp=1;
rTCp=4.6658;
rTGp=1;
piAp=0.3018;
piCp=0.2050;
piGp=0.2092;
piTp=0.2839;
piT1=0.283765348;
piC1=0.200545703;
piA1=0.296043656;
piG1=0.219645293;
piT2=0.278463649;
piC2=0.207133059;
piA2=0.300411523;
piG2=0.213991770;
piT3=0.281805746;
piC3=0.206566347;
piA3=0.302325581;
piG3=0.209302326;
piT4=0.278014184;
piC4=0.208510638;
piA4=0.303546099;
piG4=0.209929078;
