rACp=1.3442;
rAGp=8.0358;
rATp=1;
rCGp=1.3442;
rTCp=8.0358;
rTGp=1;
piAp=0.1821;
piCp=0.3043;
piGp=0.2759;
piTp=0.2378;
piT1=0.225689405;
piC1=0.315674891;
piA1=0.167634253;
piG1=0.291001451;
piT2=0.230486009;
piC2=0.316642121;
piA2=0.178939617;
piG2=0.273932253;
piT3=0.237128354;
piC3=0.307469181;
piA3=0.177664975;
piG3=0.277737491;
piT4=0.230488694;
piC4=0.312180890;
piA4=0.181619256;
piG4=0.275711160;
