rACp=1.0623;
rAGp=4.9752;
rATp=0.6435;
rCGp=1.7147;
rTCp=4.9752;
rTGp=1;
piAp=0.3165;
piCp=0.1766;
piGp=0.2147;
piTp=0.2922;
piT1=0.281032771;
piC1=0.186693148;
piA1=0.307845084;
piG1=0.224428997;
piT2=0.287740628;
piC2=0.175278622;
piA2=0.328267477;
piG2=0.208713273;
piT3=0.282194849;
piC3=0.173572228;
piA3=0.330347144;
piG3=0.213885778;
piT4=0.297959184;
piC4=0.175510204;
piA4=0.313265306;
piG4=0.213265306;
