rACp=0.8972;
rAGp=5.8718;
rATp=0.5815;
rCGp=1.5056;
rTCp=5.8718;
rTGp=1;
piAp=0.3192;
piCp=0.2277;
piGp=0.2048;
piTp=0.2483;
piT1=0.246532156;
piC1=0.230769231;
piA1=0.315889029;
piG1=0.206809584;
piT2=0.254790632;
piC2=0.221433641;
piA2=0.332150461;
piG2=0.191625266;
piT3=0.253449528;
piC3=0.216412491;
piA3=0.334785766;
piG3=0.195352215;
piT4=0.256625727;
piC4=0.219780220;
piA4=0.321266968;
piG4=0.202327085;
