rACp=1.4251;
rAGp=5.9647;
rATp=1;
rCGp=1.4251;
rTCp=9.4266;
rTGp=1;
piAp=0.3285;
piCp=0.2229;
piGp=0.2291;
piTp=0.2195;
piT1=0.224637681;
piC1=0.214371981;
piA1=0.337560386;
piG1=0.223429952;
piT2=0.221747098;
piC2=0.218081857;
piA2=0.332315211;
piG2=0.227855834;
piT3=0.220881110;
piC3=0.220277610;
piA3=0.329511165;
piG3=0.229330115;
piT4=0.219963031;
piC4=0.219346888;
piA4=0.333333333;
piG4=0.227356747;
