rACp=1;
rAGp=6.7736;
rATp=1;
rCGp=1;
rTCp=8.426;
rTGp=1;
piAp=0.25;
piCp=0.25;
piGp=0.25;
piTp=0.25;
piT1=0.256670902;
piC1=0.243329098;
piA1=0.205844981;
piG1=0.294155019;
piT2=0.252145215;
piC2=0.250165017;
piA2=0.200660066;
piG2=0.297029703;
piT3=0.250484183;
piC3=0.253066495;
piA3=0.200774693;
piG3=0.295674629;
piT4=0.261827609;
piC4=0.240440700;
piA4=0.213869086;
piG4=0.283862605;
