rACp=1.134;
rAGp=6.9955;
rATp=0.7602;
rCGp=1.6811;
rTCp=4.9423;
rTGp=1;
piAp=0.2853;
piCp=0.1935;
piGp=0.2111;
piTp=0.3101;
piT1=0.307332293;
piC1=0.195527821;
piA1=0.283411336;
piG1=0.213728549;
piT2=0.312731115;
piC2=0.192815637;
piA2=0.285789752;
piG2=0.208663497;
piT3=0.310273619;
piC3=0.191017037;
piA3=0.292204440;
piG3=0.206504904;
piT4=0.309412376;
piC4=0.190847634;
piA4=0.291731669;
piG4=0.208008320;
