rACp=0.779;
rAGp=6.7349;
rATp=0.531;
rCGp=1.1066;
rTCp=4.2852;
rTGp=1;
piAp=0.2642;
piCp=0.2817;
piGp=0.1972;
piTp=0.2569;
piT1=0.266909469;
piC1=0.270551509;
piA1=0.272112383;
piG1=0.190426639;
piT2=0.262252346;
piC2=0.271637122;
piA2=0.275286757;
piG2=0.190823775;
piT3=0.264232009;
piC3=0.278195489;
piA3=0.266380236;
piG3=0.191192266;
piT4=0.263510036;
piC4=0.272774061;
piA4=0.276891405;
piG4=0.186824498;
