rACp=1.1573;
rAGp=7.7434;
rATp=0.6821;
rCGp=1.9167;
rTCp=7.7434;
rTGp=1;
piAp=0.25;
piCp=0.25;
piGp=0.25;
piTp=0.25;
piT1=0.262111801;
piC1=0.264596273;
piA1=0.228571429;
piG1=0.244720497;
piT2=0.268111455;
piC2=0.251393189;
piA2=0.242724458;
piG2=0.237770898;
piT3=0.267477204;
piC3=0.251063830;
piA3=0.249240122;
piG3=0.232218845;
piT4=0.269464720;
piC4=0.250000000;
piA4=0.245742092;
piG4=0.234793187;
