rACp=1.1601;
rAGp=13.549;
rATp=0.9778;
rCGp=1.0548;
rTCp=9.5914;
rTGp=1;
piAp=0.25;
piCp=0.25;
piGp=0.25;
piTp=0.25;
piT1=0.213768116;
piC1=0.294685990;
piA1=0.190821256;
piG1=0.300724638;
piT2=0.209215442;
piC2=0.301369863;
piA2=0.173100872;
piG2=0.316313823;
piT3=0.215015015;
piC3=0.291891892;
piA3=0.175375375;
piG3=0.317717718;
piT4=0.217364147;
piC4=0.289818863;
piA4=0.178638351;
piG4=0.314178638;
