rACp=0.667;
rAGp=8.5897;
rATp=0.667;
rCGp=1;
rTCp=6.4638;
rTGp=1;
piAp=0.2310;
piCp=0.2277;
piGp=0.2467;
piTp=0.2946;
piT1=0.299649533;
piC1=0.226051402;
piA1=0.232476636;
piG1=0.241822430;
piT2=0.299397590;
piC2=0.227710843;
piA2=0.232530120;
piG2=0.240361446;
piT3=0.293742758;
piC3=0.230011587;
piA3=0.233487833;
piG3=0.242757822;
piT4=0.299880526;
piC4=0.223416965;
piA4=0.238351254;
piG4=0.238351254;
