rACp=0.9721;
rAGp=4.4392;
rATp=0.3462;
rCGp=1.1692;
rTCp=4.4392;
rTGp=1;
piAp=0.25;
piCp=0.25;
piGp=0.25;
piTp=0.25;
piT1=0.281155015;
piC1=0.221884498;
piA1=0.273556231;
piG1=0.223404255;
piT2=0.290839695;
piC2=0.214503817;
piA2=0.282442748;
piG2=0.212213740;
piT3=0.293570875;
piC3=0.214562355;
piA3=0.278079009;
piG3=0.213787761;
piT4=0.289676425;
piC4=0.213405239;
piA4=0.281201849;
piG4=0.215716487;
