rACp=0.7485;
rAGp=4.8042;
rATp=0.5072;
rCGp=1.1802;
rTCp=4.8042;
rTGp=1;
piAp=0.25;
piCp=0.25;
piGp=0.25;
piTp=0.25;
piT1=0.251537515;
piC1=0.223862239;
piA1=0.297047970;
piG1=0.227552276;
piT2=0.251552795;
piC2=0.226086957;
piA2=0.304347826;
piG2=0.218012422;
piT3=0.253365973;
piC3=0.226438188;
piA3=0.295593635;
piG3=0.224602203;
piT4=0.254914005;
piC4=0.220515971;
piA4=0.298525799;
piG4=0.226044226;
