rACp=0.6744;
rAGp=7.2933;
rATp=0.6744;
rCGp=1;
rTCp=6.5971;
rTGp=1;
piAp=0.25;
piCp=0.25;
piGp=0.25;
piTp=0.25;
piT1=0.224420577;
piC1=0.280384398;
piA1=0.261729791;
piG1=0.233465235;
piT2=0.224465558;
piC2=0.282660333;
piA2=0.264251781;
piG2=0.228622328;
piT3=0.224097788;
piC3=0.281722934;
piA3=0.264260768;
piG3=0.229918510;
piT4=0.220046083;
piC4=0.280529954;
piA4=0.267281106;
piG4=0.232142857;
