rACp=0.9532;
rAGp=4.1471;
rATp=0.4946;
rCGp=1.2272;
rTCp=9.041;
rTGp=1;
piAp=0.3799;
piCp=0.1550;
piGp=0.2557;
piTp=0.2094;
piT1=0.215547703;
piC1=0.150176678;
piA1=0.380742049;
piG1=0.253533569;
piT2=0.204587156;
piC2=0.157798165;
piA2=0.379816514;
piG2=0.257798165;
piT3=0.214664311;
piC3=0.150176678;
piA3=0.381625442;
piG3=0.253533569;
piT4=0.206120612;
piC4=0.158415842;
piA4=0.380738074;
piG4=0.254725473;
