rACp=1.5225;
rAGp=9.6643;
rATp=1;
rCGp=1.5225;
rTCp=9.6643;
rTGp=1;
piAp=0.25;
piCp=0.25;
piGp=0.25;
piTp=0.25;
piT1=0.226282051;
piC1=0.227564103;
piA1=0.332051282;
piG1=0.214102564;
piT2=0.236625514;
piC2=0.220164609;
piA2=0.337448560;
piG2=0.205761317;
piT3=0.232453316;
piC3=0.222150676;
piA3=0.329684482;
piG3=0.215711526;
piT4=0.240890688;
piC4=0.217948718;
piA4=0.336707152;
piG4=0.204453441;
