rACp=1.459;
rAGp=11.8009;
rATp=1.0983;
rCGp=1.0572;
rTCp=11.8009;
rTGp=1;
piAp=0.25;
piCp=0.25;
piGp=0.25;
piTp=0.25;
piT1=0.206627680;
piC1=0.280701754;
piA1=0.168291098;
piG1=0.344379467;
piT2=0.206850235;
piC2=0.280053727;
piA2=0.167897918;
piG2=0.345198120;
piT3=0.212101911;
piC3=0.271974522;
piA3=0.174522293;
piG3=0.341401274;
piT4=0.205804749;
piC4=0.277704485;
piA4=0.173482850;
piG4=0.343007916;
