rACp=0.9849;
rAGp=7.1482;
rATp=0.4439;
rCGp=1.8677;
rTCp=5.388;
rTGp=1;
piAp=0.2532;
piCp=0.2753;
piGp=0.2598;
piTp=0.2117;
piT1=0.223602484;
piC1=0.265217391;
piA1=0.270807453;
piG1=0.240372671;
piT2=0.223935842;
piC2=0.265268353;
piA2=0.263417643;
piG2=0.247378162;
piT3=0.223724647;
piC3=0.263675476;
piA3=0.267977873;
piG3=0.244622004;
piT4=0.217687075;
piC4=0.270871985;
piA4=0.265306122;
piG4=0.246134818;
