rACp=0.5731;
rAGp=5.5409;
rATp=0.5731;
rCGp=1;
rTCp=3.8565;
rTGp=1;
piAp=0.25;
piCp=0.25;
piGp=0.25;
piTp=0.25;
piT1=0.292944039;
piC1=0.220437956;
piA1=0.282238443;
piG1=0.204379562;
piT2=0.291170635;
piC2=0.220734127;
piA2=0.286706349;
piG2=0.201388889;
piT3=0.294088425;
piC3=0.219076006;
piA3=0.288623944;
piG3=0.198211624;
piT4=0.288218111;
piC4=0.218111003;
piA4=0.288704966;
piG4=0.204965920;
