rACp=0.8885;
rAGp=6.2432;
rATp=0.5259;
rCGp=1.1913;
rTCp=4.2813;
rTGp=1;
piAp=0.2880;
piCp=0.2109;
piGp=0.1866;
piTp=0.3146;
piT1=0.310546875;
piC1=0.216796875;
piA1=0.285807292;
piG1=0.186848958;
piT2=0.317513369;
piC2=0.214572193;
piA2=0.284090909;
piG2=0.183823529;
piT3=0.316272966;
piC3=0.210629921;
piA3=0.286745407;
piG3=0.186351706;
piT4=0.315898142;
piC4=0.207845836;
piA4=0.288368892;
piG4=0.187887130;
