rACp=1.2479;
rAGp=5.7061;
rATp=1;
rCGp=1.2479;
rTCp=5.7061;
rTGp=1;
piAp=0.2487;
piCp=0.2143;
piGp=0.2316;
piTp=0.3054;
piT1=0.312080537;
piC1=0.215604027;
piA1=0.250000000;
piG1=0.222315436;
piT2=0.306174957;
piC2=0.215265866;
piA2=0.255574614;
piG2=0.222984563;
piT3=0.300664452;
piC3=0.220099668;
piA3=0.248338870;
piG3=0.230897010;
piT4=0.313825276;
piC4=0.206955047;
piA4=0.252756573;
piG4=0.226463104;
