rACp=0.7487;
rAGp=8.5919;
rATp=0.3519;
rCGp=1.2113;
rTCp=5.8816;
rTGp=1;
piAp=0.25;
piCp=0.25;
piGp=0.25;
piTp=0.25;
piT1=0.290697674;
piC1=0.245348837;
piA1=0.260465116;
piG1=0.203488372;
piT2=0.298287064;
piC2=0.237448317;
piA2=0.268163024;
piG2=0.196101595;
piT3=0.294901506;
piC3=0.241019699;
piA3=0.273464658;
piG3=0.190614137;
piT4=0.304968944;
piC4=0.232298137;
piA4=0.268322981;
piG4=0.194409938;
