rACp=1.1712;
rAGp=5.0713;
rATp=0.4928;
rCGp=1.6567;
rTCp=5.0713;
rTGp=1;
piAp=0.3085;
piCp=0.2137;
piGp=0.1868;
piTp=0.2910;
piT1=0.286636540;
piC1=0.219496449;
piA1=0.309877340;
piG1=0.183989671;
piT2=0.291454082;
piC2=0.211734694;
piA2=0.309948980;
piG2=0.186862245;
piT3=0.292698413;
piC3=0.210793651;
piA3=0.314285714;
piG3=0.182222222;
piT4=0.293070566;
piC4=0.207883026;
piA4=0.309599491;
piG4=0.189446917;
