rACp=1;
rAGp=4.9239;
rATp=1;
rCGp=1;
rTCp=6.3654;
rTGp=1;
piAp=0.2535;
piCp=0.2020;
piGp=0.2366;
piTp=0.3079;
piT1=0.301262778;
piC1=0.212266987;
piA1=0.247143716;
piG1=0.239326518;
piT2=0.309187279;
piC2=0.200824499;
piA2=0.253828033;
piG2=0.236160188;
piT3=0.302476415;
piC3=0.201061321;
piA3=0.252948113;
piG3=0.243514151;
piT4=0.310818888;
piC4=0.202032277;
piA4=0.251046025;
piG4=0.236102809;
