rACp=0.7784;
rAGp=7.0458;
rATp=0.7784;
rCGp=1;
rTCp=7.0458;
rTGp=1;
piAp=0.2390;
piCp=0.2070;
piGp=0.2393;
piTp=0.3146;
piT1=0.312044818;
piC1=0.209523810;
piA1=0.234733894;
piG1=0.243697479;
piT2=0.310467179;
piC2=0.206978119;
piA2=0.237729154;
piG2=0.244825547;
piT3=0.312782805;
piC3=0.209276018;
piA3=0.230769231;
piG3=0.247171946;
piT4=0.314317673;
piC4=0.209731544;
piA4=0.236017897;
piG4=0.239932886;
