rACp=0.8707;
rAGp=5.2171;
rATp=0.5222;
rCGp=1.4543;
rTCp=5.2171;
rTGp=1;
piAp=0.2966;
piCp=0.2226;
piGp=0.1800;
piTp=0.3008;
piT1=0.297656745;
piC1=0.228625712;
piA1=0.288157061;
piG1=0.185560481;
piT2=0.304893350;
piC2=0.216436637;
piA2=0.299874529;
piG2=0.178795483;
piT3=0.299438553;
piC3=0.220835933;
piA3=0.302557704;
piG3=0.177167810;
piT4=0.298288509;
piC4=0.221882641;
piA4=0.297066015;
piG4=0.182762836;
