rACp=1;
rAGp=7.0282;
rATp=1;
rCGp=1;
rTCp=5.0008;
rTGp=1;
piAp=0.2323;
piCp=0.2689;
piGp=0.2118;
piTp=0.2870;
piT1=0.291540785;
piC1=0.261329305;
piA1=0.234138973;
piG1=0.212990937;
piT2=0.285714286;
piC2=0.271739130;
piA2=0.233695652;
piG2=0.208850932;
piT3=0.283320640;
piC3=0.275704494;
piA3=0.222391470;
piG3=0.218583397;
piT4=0.282930631;
piC4=0.275136399;
piA4=0.236944661;
piG4=0.204988309;
