rACp=1.139;
rAGp=6.5056;
rATp=0.7374;
rCGp=1.3714;
rTCp=8.6715;
rTGp=1;
piAp=0.3065;
piCp=0.2107;
piGp=0.2314;
piTp=0.2514;
piT1=0.236578171;
piC1=0.214159292;
piA1=0.297935103;
piG1=0.251327434;
piT2=0.249429224;
piC2=0.206621005;
piA2=0.307648402;
piG2=0.236301370;
piT3=0.234699941;
piC3=0.218657160;
piA3=0.292335116;
piG3=0.254307784;
piT4=0.257679181;
piC4=0.197952218;
piA4=0.306598407;
piG4=0.237770193;
