rACp=1.1965;
rAGp=5.1977;
rATp=0.699;
rCGp=1.7437;
rTCp=8.4955;
rTGp=1;
piAp=0.3724;
piCp=0.1754;
piGp=0.2570;
piTp=0.1952;
piT1=0.189130435;
piC1=0.181521739;
piA1=0.364130435;
piG1=0.265217391;
piT2=0.194767442;
piC2=0.171511628;
piA2=0.377325581;
piG2=0.256395349;
piT3=0.192265795;
piC3=0.180827887;
piA3=0.366013072;
piG3=0.260893246;
piT4=0.190000000;
piC4=0.179444444;
piA4=0.370000000;
piG4=0.260555556;
