rACp=1.0465;
rAGp=7.7371;
rATp=0.7155;
rCGp=1.4611;
rTCp=6.8614;
rTGp=1;
piAp=0.2386;
piCp=0.2293;
piGp=0.1937;
piTp=0.3384;
piT1=0.336134454;
piC1=0.235894358;
piA1=0.231692677;
piG1=0.196278511;
piT2=0.334316038;
piC2=0.235259434;
piA2=0.236438679;
piG2=0.193985849;
piT3=0.332552693;
piC3=0.230093677;
piA3=0.237704918;
piG3=0.199648712;
piT4=0.335506817;
piC4=0.231772377;
piA4=0.237700059;
piG4=0.195020747;
