rACp=1;
rAGp=20.2683;
rATp=1;
rCGp=1;
rTCp=20.2683;
rTGp=1;
piAp=0.25;
piCp=0.25;
piGp=0.25;
piTp=0.25;
piT1=0.272790536;
piC1=0.222686152;
piA1=0.258176757;
piG1=0.246346555;
piT2=0.279648609;
piC2=0.220351391;
piA2=0.256954612;
piG2=0.243045388;
piT3=0.275574113;
piC3=0.221294363;
piA3=0.262352122;
piG3=0.240779402;
piT4=0.277158774;
piC4=0.219359331;
piA4=0.260445682;
piG4=0.243036212;
