rACp=1.0671;
rAGp=7.8204;
rATp=0.6463;
rCGp=1.211;
rTCp=6.0476;
rTGp=1;
piAp=0.2721;
piCp=0.2456;
piGp=0.2148;
piTp=0.2674;
piT1=0.246331237;
piC1=0.270964361;
piA1=0.235324948;
piG1=0.247379455;
piT2=0.267659779;
piC2=0.249879865;
piA2=0.261893321;
piG2=0.220567035;
piT3=0.252857143;
piC3=0.263333333;
piA3=0.248095238;
piG3=0.235714286;
piT4=0.269349845;
piC4=0.205882353;
piA4=0.342105263;
piG4=0.182662539;
