rACp=1.2625;
rAGp=12.3022;
rATp=1;
rCGp=1.2625;
rTCp=18.768;
rTGp=1;
piAp=0.25;
piCp=0.25;
piGp=0.25;
piTp=0.25;
piT1=0.193835210;
piC1=0.318316538;
piA1=0.234736218;
piG1=0.253112033;
piT2=0.187690433;
piC2=0.331505180;
piA2=0.231566118;
piG2=0.249238269;
piT3=0.189675870;
piC3=0.327130852;
piA3=0.231692677;
piG3=0.251500600;
piT4=0.192660550;
piC4=0.324770642;
piA4=0.236085627;
piG4=0.246483180;
