rACp=0.5759;
rAGp=5.2673;
rATp=0.5759;
rCGp=1;
rTCp=3.2947;
rTGp=1;
piAp=0.25;
piCp=0.25;
piGp=0.25;
piTp=0.25;
piT1=0.253649635;
piC1=0.258515815;
piA1=0.273722628;
piG1=0.214111922;
piT2=0.249213342;
piC2=0.258653241;
piA2=0.286972939;
piG2=0.205160478;
piT3=0.247755835;
piC3=0.258527828;
piA3=0.281867145;
piG3=0.211849192;
piT4=0.248591108;
piC4=0.258609894;
piA4=0.282404508;
piG4=0.210394490;
