rACp=1.0819;
rAGp=8.2181;
rATp=0.7199;
rCGp=1.1011;
rTCp=8.2181;
rTGp=1;
piAp=0.25;
piCp=0.25;
piGp=0.25;
piTp=0.25;
piT1=0.234640523;
piC1=0.271241830;
piA1=0.207189542;
piG1=0.286928105;
piT2=0.252912954;
piC2=0.243317341;
piA2=0.233036326;
piG2=0.270733379;
piT3=0.262916939;
piC3=0.239372139;
piA3=0.228253761;
piG3=0.269457162;
piT4=0.255221932;
piC4=0.245430809;
piA4=0.225195822;
piG4=0.274151436;
