rACp=1;
rAGp=7.009;
rATp=1;
rCGp=1;
rTCp=7.009;
rTGp=1;
piAp=0.2229;
piCp=0.1979;
piGp=0.2572;
piTp=0.3219;
piT1=0.322689076;
piC1=0.196078431;
piA1=0.226890756;
piG1=0.254341737;
piT2=0.319110577;
piC2=0.193509615;
piA2=0.224759615;
piG2=0.262620192;
piT3=0.319863404;
piC3=0.196926579;
piA3=0.222538418;
piG3=0.260671599;
piT4=0.323156682;
piC4=0.193548387;
piA4=0.225230415;
piG4=0.258064516;
