rACp=1.8286;
rAGp=8.9949;
rATp=0.6985;
rCGp=2.3394;
rTCp=13.9831;
rTGp=1;
piAp=0.3393;
piCp=0.2130;
piGp=0.1784;
piTp=0.2694;
piT1=0.267393127;
piC1=0.211232188;
piA1=0.342833194;
piG1=0.178541492;
piT2=0.269600000;
piC2=0.210400000;
piA2=0.343200000;
piG2=0.176800000;
piT3=0.265258216;
piC3=0.216744914;
piA3=0.334115806;
piG3=0.183881064;
piT4=0.277343750;
piC4=0.204687500;
piA4=0.342187500;
piG4=0.175781250;
