rACp=1.0237;
rAGp=4.8121;
rATp=0.6269;
rCGp=1.1993;
rTCp=6.9136;
rTGp=1;
piAp=0.2625;
piCp=0.1954;
piGp=0.2334;
piTp=0.3088;
piT1=0.302842377;
piC1=0.200000000;
piA1=0.262015504;
piG1=0.235142119;
piT2=0.306666667;
piC2=0.196923077;
piA2=0.267179487;
piG2=0.229230769;
piT3=0.307065217;
piC3=0.209239130;
piA3=0.242934783;
piG3=0.240760870;
piT4=0.313093981;
piC4=0.194297782;
piA4=0.260295671;
piG4=0.232312566;
