rACp=0.7052;
rAGp=6.7326;
rATp=0.7052;
rCGp=1;
rTCp=5.0205;
rTGp=1;
piAp=0.25;
piCp=0.25;
piGp=0.25;
piTp=0.25;
piT1=0.249510124;
piC1=0.238406270;
piA1=0.269758328;
piG1=0.242325278;
piT2=0.250163292;
piC2=0.236446767;
piA2=0.261267146;
piG2=0.252122796;
piT3=0.249022164;
piC3=0.237288136;
piA3=0.258148631;
piG3=0.255541069;
piT4=0.252010724;
piC4=0.229222520;
piA4=0.269436997;
piG4=0.249329759;
