rACp=1;
rAGp=1.981;
rATp=1.4015;
rCGp=1.4015;
rTCp=7.2302;
rTGp=1;
piAp=0.2086;
piCp=0.3189;
piGp=0.3571;
piTp=0.1154;
piT1=0.109869646;
piC1=0.324022346;
piA1=0.206703911;
piG1=0.359404097;
piT2=0.109433962;
piC2=0.324528302;
piA2=0.207547170;
piG2=0.358490566;
piT3=0.109141791;
piC3=0.330223881;
piA3=0.205223881;
piG3=0.355410448;
piT4=0.113594041;
piC4=0.319366853;
piA4=0.202979516;
piG4=0.364059590;
