rACp=0.9962;
rAGp=5.9144;
rATp=0.9962;
rCGp=1;
rTCp=5.9144;
rTGp=1;
piAp=0.25;
piCp=0.25;
piGp=0.25;
piTp=0.25;
piT1=0.268918919;
piC1=0.266216216;
piA1=0.200000000;
piG1=0.264864865;
piT2=0.323660714;
piC2=0.232142857;
piA2=0.205357143;
piG2=0.238839286;
piT3=0.275606469;
piC3=0.263477089;
piA3=0.208221024;
piG3=0.252695418;
piT4=0.285617368;
piC4=0.248303935;
piA4=0.218453189;
piG4=0.247625509;
