rACp=1.6138;
rAGp=14.6756;
rATp=1;
rCGp=1.6138;
rTCp=14.6756;
rTGp=1;
piAp=0.25;
piCp=0.25;
piGp=0.25;
piTp=0.25;
piT1=0.226838855;
piC1=0.245367771;
piA1=0.279056710;
piG1=0.248736665;
piT2=0.221522610;
piC2=0.247853463;
piA2=0.282770464;
piG2=0.247853463;
piT3=0.222222222;
piC3=0.248730964;
piA3=0.278623801;
piG3=0.250423012;
piT4=0.233839236;
piC4=0.236087690;
piA4=0.283305228;
piG4=0.246767847;
