rACp=1;
rAGp=6.179;
rATp=0.6398;
rCGp=0.6398;
rTCp=4.8705;
rTGp=1;
piAp=0.25;
piCp=0.25;
piGp=0.25;
piTp=0.25;
piT1=0.223163842;
piC1=0.289265537;
piA1=0.278531073;
piG1=0.209039548;
piT2=0.220561865;
piC2=0.288105200;
piA2=0.279736999;
piG2=0.211595935;
piT3=0.223728814;
piC3=0.285875706;
piA3=0.284180791;
piG3=0.206214689;
piT4=0.220417633;
piC4=0.287122970;
piA4=0.285382831;
piG4=0.207076566;
