rACp=0.6511;
rAGp=3.9087;
rATp=0.3947;
rCGp=1.1619;
rTCp=3.9087;
rTGp=1;
piAp=0.25;
piCp=0.25;
piGp=0.25;
piTp=0.25;
piT1=0.262386249;
piC1=0.221435794;
piA1=0.284125379;
piG1=0.232052578;
piT2=0.259801359;
piC2=0.221641401;
piA2=0.289074752;
piG2=0.229482488;
piT3=0.255520505;
piC3=0.230283912;
piA3=0.286014721;
piG3=0.228180862;
piT4=0.260668380;
piC4=0.226735219;
piA4=0.285347044;
piG4=0.227249357;
