rACp=1.0766;
rAGp=3.5741;
rATp=0.3375;
rCGp=1.8896;
rTCp=3.5741;
rTGp=1;
piAp=0.25;
piCp=0.25;
piGp=0.25;
piTp=0.25;
piT1=0.340044743;
piC1=0.199105145;
piA1=0.288590604;
piG1=0.172259508;
piT2=0.343400447;
piC2=0.190156600;
piA2=0.298657718;
piG2=0.167785235;
piT3=0.344537815;
piC3=0.187274910;
piA3=0.300120048;
piG3=0.168067227;
piT4=0.345939933;
piC4=0.186874305;
piA4=0.295884316;
piG4=0.171301446;
