rACp=1.4666;
rAGp=9.6513;
rATp=1;
rCGp=1.4666;
rTCp=9.6513;
rTGp=1;
piAp=0.3387;
piCp=0.2407;
piGp=0.1846;
piTp=0.2360;
piT1=0.236395553;
piC1=0.237565828;
piA1=0.338209479;
piG1=0.187829140;
piT2=0.237983587;
piC2=0.239155920;
piA2=0.339976553;
piG2=0.182883939;
piT3=0.238979118;
piC3=0.239559165;
piA3=0.338747100;
piG3=0.182714617;
piT4=0.236980690;
piC4=0.237565828;
piA4=0.346986542;
piG4=0.178466940;
