rACp=1.6325;
rAGp=7.9156;
rATp=0.6459;
rCGp=1.6155;
rTCp=7.9156;
rTGp=1;
piAp=0.2891;
piCp=0.2043;
piGp=0.2291;
piTp=0.2775;
piT1=0.278128286;
piC1=0.203470032;
piA1=0.287592008;
piG1=0.230809674;
piT2=0.281630492;
piC2=0.200635257;
piA2=0.289041821;
piG2=0.228692430;
piT3=0.279915656;
piC3=0.202424881;
piA3=0.289931471;
piG3=0.227727992;
piT4=0.278749338;
piC4=0.199788023;
piA4=0.295177530;
piG4=0.226285109;
