rACp=0.9141;
rAGp=6.7196;
rATp=0.5693;
rCGp=1.2431;
rTCp=6.7196;
rTGp=1;
piAp=0.3086;
piCp=0.2315;
piGp=0.2014;
piTp=0.2585;
piT1=0.257259001;
piC1=0.234610918;
piA1=0.308362369;
piG1=0.199767712;
piT2=0.256487628;
piC2=0.233554617;
piA2=0.307181654;
piG2=0.202776101;
piT3=0.258901629;
piC3=0.231744116;
piA3=0.308992154;
piG3=0.200362100;
piT4=0.260034904;
piC4=0.230366492;
piA4=0.311809191;
piG4=0.197789412;
