rACp=1.3328;
rAGp=11.0204;
rATp=1;
rCGp=1.3328;
rTCp=11.0204;
rTGp=1;
piAp=0.3061;
piCp=0.2451;
piGp=0.2315;
piTp=0.2172;
piT1=0.213450292;
piC1=0.254970760;
piA1=0.298245614;
piG1=0.233333333;
piT2=0.215909091;
piC2=0.248205742;
piA2=0.306220096;
piG2=0.229665072;
piT3=0.218713450;
piC3=0.245029240;
piA3=0.302923977;
piG3=0.233333333;
piT4=0.220527859;
piC4=0.245161290;
piA4=0.307917889;
piG4=0.226392962;
