rACp=1.9531;
rAGp=7.5421;
rATp=0.2919;
rCGp=1.5535;
rTCp=8.7005;
rTGp=1;
piAp=0.25;
piCp=0.25;
piGp=0.25;
piTp=0.25;
piT1=0.315539739;
piC1=0.220640569;
piA1=0.236061684;
piG1=0.227758007;
piT2=0.334367246;
piC2=0.197270471;
piA2=0.256203474;
piG2=0.212158809;
piT3=0.334939759;
piC3=0.203012048;
piA3=0.249397590;
piG3=0.212650602;
piT4=0.328304164;
piC4=0.203983102;
piA4=0.253470127;
piG4=0.214242607;
