rACp=1.0898;
rAGp=10.3567;
rATp=1;
rCGp=1.0898;
rTCp=10.3567;
rTGp=1;
piAp=0.25;
piCp=0.25;
piGp=0.25;
piTp=0.25;
piT1=0.191358025;
piC1=0.245230079;
piA1=0.269921437;
piG1=0.293490460;
piT2=0.202741291;
piC2=0.235865220;
piA2=0.284980011;
piG2=0.276413478;
piT3=0.210321865;
piC3=0.228079911;
piA3=0.280244173;
piG3=0.281354051;
piT4=0.215531795;
piC4=0.221159257;
piA4=0.284186832;
piG4=0.279122116;
