rACp=1.0514;
rAGp=6.4058;
rATp=0.8846;
rCGp=1.3447;
rTCp=6.973;
rTGp=1;
piAp=0.2837;
piCp=0.2243;
piGp=0.2200;
piTp=0.2721;
piT1=0.256358087;
piC1=0.238555443;
piA1=0.276703967;
piG1=0.228382503;
piT2=0.270200721;
piC2=0.229541945;
piA2=0.283582090;
piG2=0.216675244;
piT3=0.262996942;
piC3=0.231396534;
piA3=0.279306830;
piG3=0.226299694;
piT4=0.268574297;
piC4=0.227911647;
piA4=0.287650602;
piG4=0.215863454;
