rACp=1.1359;
rAGp=6.4373;
rATp=1;
rCGp=1.1359;
rTCp=9.6199;
rTGp=1;
piAp=0.25;
piCp=0.25;
piGp=0.25;
piTp=0.25;
piT1=0.229809104;
piC1=0.310572687;
piA1=0.190895742;
piG1=0.268722467;
piT2=0.224111283;
piC2=0.313755796;
piA2=0.190880989;
piG2=0.271251932;
piT3=0.216395864;
piC3=0.321270310;
piA3=0.186853767;
piG3=0.275480059;
piT4=0.232200647;
piC4=0.322815534;
piA4=0.181229773;
piG4=0.263754045;
