rACp=1.1429;
rAGp=3.426;
rATp=0.713;
rCGp=1.7369;
rTCp=7.591;
rTGp=1;
piAp=0.2998;
piCp=0.1808;
piGp=0.2391;
piTp=0.2803;
piT1=0.276515152;
piC1=0.176767677;
piA1=0.308712121;
piG1=0.238005051;
piT2=0.275204360;
piC2=0.177792916;
piA2=0.304495913;
piG2=0.242506812;
piT3=0.280856423;
piC3=0.180730479;
piA3=0.295969773;
piG3=0.242443325;
piT4=0.283870968;
piC4=0.177419355;
piA4=0.297419355;
piG4=0.241290323;
