rACp=1.3141;
rAGp=7.6626;
rATp=0.6747;
rCGp=1.8765;
rTCp=7.6626;
rTGp=1;
piAp=0.3080;
piCp=0.1823;
piGp=0.2274;
piTp=0.2823;
piT1=0.281893004;
piC1=0.180384088;
piA1=0.305898491;
piG1=0.231824417;
piT2=0.288365453;
piC2=0.177016417;
piA2=0.305496074;
piG2=0.229122056;
piT3=0.286821705;
piC3=0.178999295;
piA3=0.304439746;
piG3=0.229739253;
piT4=0.293417367;
piC4=0.178571429;
piA4=0.301120448;
piG4=0.226890756;
