rACp=0.8694;
rAGp=6.3724;
rATp=0.8694;
rCGp=1;
rTCp=5.7646;
rTGp=1;
piAp=0.2317;
piCp=0.2296;
piGp=0.2413;
piTp=0.2974;
piT1=0.292668269;
piC1=0.232572115;
piA1=0.236177885;
piG1=0.238581731;
piT2=0.293359123;
piC2=0.235332044;
piA2=0.229529336;
piG2=0.241779497;
piT3=0.289855072;
piC3=0.232487923;
piA3=0.234299517;
piG3=0.243357488;
piT4=0.299938157;
piC4=0.227581942;
piA4=0.230055659;
piG4=0.242424242;
