rACp=1.1559;
rAGp=4.8599;
rATp=0.6766;
rCGp=1.4474;
rTCp=6.5436;
rTGp=1;
piAp=0.2855;
piCp=0.1916;
piGp=0.2358;
piTp=0.2871;
piT1=0.285900783;
piC1=0.195822454;
piA1=0.274151436;
piG1=0.244125326;
piT2=0.285906040;
piC2=0.189932886;
piA2=0.284563758;
piG2=0.239597315;
piT3=0.289245157;
piC3=0.187040748;
piA3=0.281897128;
piG3=0.241816967;
piT4=0.289099526;
piC4=0.187542316;
piA4=0.283683142;
piG4=0.239675017;
