rACp=0.7557;
rAGp=5.1116;
rATp=0.5041;
rCGp=1.0379;
rTCp=5.1116;
rTGp=1;
piAp=0.2877;
piCp=0.1932;
piGp=0.1881;
piTp=0.3309;
piT1=0.331038136;
piC1=0.192796610;
piA1=0.283898305;
piG1=0.192266949;
piT2=0.335365854;
piC2=0.186252772;
piA2=0.292128603;
piG2=0.186252772;
piT3=0.337116913;
piC3=0.182746879;
piA3=0.294551646;
piG3=0.185584563;
piT4=0.329551594;
piC4=0.193949217;
piA4=0.286331713;
piG4=0.190167477;
