rACp=1;
rAGp=7.8898;
rATp=1;
rCGp=1;
rTCp=7.8898;
rTGp=1;
piAp=0.2594;
piCp=0.2179;
piGp=0.2244;
piTp=0.2983;
piT1=0.290048544;
piC1=0.227548544;
piA1=0.247572816;
piG1=0.234830097;
piT2=0.300064392;
piC2=0.219575016;
piA2=0.260141661;
piG2=0.220218931;
piT3=0.296809151;
piC3=0.217940999;
piA3=0.255869958;
piG3=0.229379892;
piT4=0.298913043;
piC4=0.216787440;
piA4=0.255434783;
piG4=0.228864734;
