rACp=0.7689;
rAGp=4.761;
rATp=0.7689;
rCGp=1;
rTCp=4.761;
rTGp=1;
piAp=0.2803;
piCp=0.2295;
piGp=0.2278;
piTp=0.2624;
piT1=0.264206642;
piC1=0.229520295;
piA1=0.282656827;
piG1=0.223616236;
piT2=0.267123288;
piC2=0.228310502;
piA2=0.280060883;
piG2=0.224505327;
piT3=0.263970588;
piC3=0.227205882;
piA3=0.276470588;
piG3=0.232352941;
piT4=0.263428992;
piC4=0.228844739;
piA4=0.281824871;
piG4=0.225901398;
