rACp=1.491;
rAGp=10.2782;
rATp=1;
rCGp=1.491;
rTCp=12.6323;
rTGp=1;
piAp=0.2851;
piCp=0.2442;
piGp=0.2191;
piTp=0.2515;
piT1=0.252394366;
piC1=0.241126761;
piA1=0.286197183;
piG1=0.220281690;
piT2=0.254419192;
piC2=0.240530303;
piA2=0.287878788;
piG2=0.217171717;
piT3=0.258241758;
piC3=0.234432234;
piA3=0.293650794;
piG3=0.213675214;
piT4=0.254651163;
piC4=0.244767442;
piA4=0.283720930;
piG4=0.216860465;
