rACp=1.1903;
rAGp=5.932;
rATp=0.5813;
rCGp=1.4396;
rTCp=10.8073;
rTGp=1;
piAp=0.2473;
piCp=0.2437;
piGp=0.2862;
piTp=0.2229;
piT1=0.218731821;
piC1=0.244909831;
piA1=0.246655032;
piG1=0.289703316;
piT2=0.224940334;
piC2=0.237470167;
piA2=0.254176611;
piG2=0.283412888;
piT3=0.232696897;
piC3=0.236873508;
piA3=0.252983294;
piG3=0.277446301;
piT4=0.224550898;
piC4=0.242514970;
piA4=0.247305389;
piG4=0.285628743;
