rACp=1.3675;
rAGp=7.0911;
rATp=0.4207;
rCGp=1.5486;
rTCp=7.0911;
rTGp=1;
piAp=0.25;
piCp=0.25;
piGp=0.25;
piTp=0.25;
piT1=0.283007697;
piC1=0.193013618;
piA1=0.294849023;
piG1=0.229129663;
piT2=0.280487805;
piC2=0.189634146;
piA2=0.293902439;
piG2=0.235975610;
piT3=0.280851064;
piC3=0.192705167;
piA3=0.292401216;
piG3=0.234042553;
piT4=0.258971292;
piC4=0.214114833;
piA4=0.274521531;
piG4=0.252392344;
