rACp=1.0678;
rAGp=5.7439;
rATp=0.6769;
rCGp=1.2199;
rTCp=5.7439;
rTGp=1;
piAp=0.2318;
piCp=0.2442;
piGp=0.2393;
piTp=0.2847;
piT1=0.292897047;
piC1=0.240223464;
piA1=0.236233041;
piG1=0.230646449;
piT2=0.287469287;
piC2=0.240786241;
piA2=0.236691237;
piG2=0.235053235;
piT3=0.287420382;
piC3=0.237261146;
piA3=0.238057325;
piG3=0.237261146;
piT4=0.294934641;
piC4=0.236111111;
piA4=0.242647059;
piG4=0.226307190;
