rACp=0.6538;
rAGp=5.8453;
rATp=0.4287;
rCGp=0.9725;
rTCp=5.8453;
rTGp=1;
piAp=0.2889;
piCp=0.2681;
piGp=0.2107;
piTp=0.2323;
piT1=0.239340534;
piC1=0.261512223;
piA1=0.289937464;
piG1=0.209209778;
piT2=0.222929936;
piC2=0.271569195;
piA2=0.287203243;
piG2=0.218297626;
piT3=0.228260870;
piC3=0.274027460;
piA3=0.282036613;
piG3=0.215675057;
piT4=0.226361032;
piC4=0.273352436;
piA4=0.286532951;
piG4=0.213753582;
