rACp=0.8107;
rAGp=6.1134;
rATp=0.8107;
rCGp=1;
rTCp=6.1134;
rTGp=1;
piAp=0.25;
piCp=0.25;
piGp=0.25;
piTp=0.25;
piT1=0.272469253;
piC1=0.254493851;
piA1=0.192052980;
piG1=0.280983917;
piT2=0.279773157;
piC2=0.250472590;
piA2=0.192816635;
piG2=0.276937618;
piT3=0.282567050;
piC3=0.249042146;
piA3=0.193486590;
piG3=0.274904215;
piT4=0.283381364;
piC4=0.245917387;
piA4=0.195965418;
piG4=0.274735831;
