rACp=0.7857;
rAGp=6.6223;
rATp=0.5448;
rCGp=1.4716;
rTCp=4.5425;
rTGp=1;
piAp=0.3326;
piCp=0.2263;
piGp=0.1879;
piTp=0.2533;
piT1=0.254227053;
piC1=0.224033816;
piA1=0.332729469;
piG1=0.189009662;
piT2=0.255126659;
piC2=0.226176116;
piA2=0.334137515;
piG2=0.184559710;
piT3=0.254819277;
piC3=0.229518072;
piA3=0.329518072;
piG3=0.186144578;
piT4=0.252075919;
piC4=0.226571767;
piA4=0.339857651;
piG4=0.181494662;
