rACp=1.477;
rAGp=13.943;
rATp=1;
rCGp=1.477;
rTCp=10.5828;
rTGp=1;
piAp=0.2274;
piCp=0.2220;
piGp=0.1982;
piTp=0.3524;
piT1=0.351803450;
piC1=0.224255097;
piA1=0.222164140;
piG1=0.201777313;
piT2=0.354443853;
piC2=0.217668973;
piA2=0.227780734;
piG2=0.200106440;
piT3=0.351648352;
piC3=0.220826792;
piA3=0.229199372;
piG3=0.198325484;
piT4=0.353959098;
piC4=0.220241217;
piA4=0.228631358;
piG4=0.197168327;
