rACp=0.7421;
rAGp=6.9645;
rATp=0.4931;
rCGp=0.9141;
rTCp=6.9645;
rTGp=1;
piAp=0.2902;
piCp=0.2783;
piGp=0.2147;
piTp=0.2167;
piT1=0.206640238;
piC1=0.288404361;
piA1=0.283448959;
piG1=0.221506442;
piT2=0.219311762;
piC2=0.277349769;
piA2=0.286081150;
piG2=0.217257319;
piT3=0.215415020;
piC3=0.280632411;
piA3=0.286067194;
piG3=0.217885375;
piT4=0.220901436;
piC4=0.274393264;
piA4=0.290242694;
piG4=0.214462605;
