rACp=1.6334;
rAGp=7.7909;
rATp=0.6481;
rCGp=1.6933;
rTCp=7.7909;
rTGp=1;
piAp=0.2542;
piCp=0.2043;
piGp=0.2343;
piTp=0.3072;
piT1=0.310578106;
piC1=0.202337023;
piA1=0.252767528;
piG1=0.234317343;
piT2=0.307501550;
piC2=0.207687539;
piA2=0.254184749;
piG2=0.230626162;
piT3=0.309566251;
piC3=0.201426025;
piA3=0.255496138;
piG3=0.233511586;
piT4=0.310510511;
piC4=0.201801802;
piA4=0.254054054;
piG4=0.233633634;
