rACp=1.2423;
rAGp=6.0199;
rATp=1.2423;
rCGp=1;
rTCp=8.2064;
rTGp=1;
piAp=0.25;
piCp=0.25;
piGp=0.25;
piTp=0.25;
piT1=0.227848101;
piC1=0.246835443;
piA1=0.181645570;
piG1=0.343670886;
piT2=0.229720960;
piC2=0.241401687;
piA2=0.188189487;
piG2=0.340687865;
piT3=0.233830846;
piC3=0.242537313;
piA3=0.190298507;
piG3=0.333333333;
piT4=0.241099313;
piC4=0.237351655;
piA4=0.190505934;
piG4=0.331043098;
