rACp=1.0267;
rAGp=6.3395;
rATp=0.74;
rCGp=1.2516;
rTCp=6.3395;
rTGp=1;
piAp=0.25;
piCp=0.25;
piGp=0.25;
piTp=0.25;
piT1=0.218220339;
piC1=0.278248588;
piA1=0.224576271;
piG1=0.278954802;
piT2=0.237075332;
piC2=0.256277696;
piA2=0.253323486;
piG2=0.253323486;
piT3=0.241354975;
piC3=0.258997883;
piA3=0.250529287;
piG3=0.249117855;
piT4=0.241330502;
piC4=0.257607926;
piA4=0.247699929;
piG4=0.253361642;
