rACp=1.3539;
rAGp=11.2807;
rATp=1;
rCGp=1.3539;
rTCp=11.2807;
rTGp=1;
piAp=0.2105;
piCp=0.2944;
piGp=0.3068;
piTp=0.1884;
piT1=0.180400891;
piC1=0.309576837;
piA1=0.200445434;
piG1=0.309576837;
piT2=0.188916877;
piC2=0.304785894;
piA2=0.191435768;
piG2=0.314861461;
piT3=0.178173719;
piC3=0.305122494;
piA3=0.209354120;
piG3=0.307349666;
piT4=0.187919463;
piC4=0.290827740;
piA4=0.214765101;
piG4=0.306487696;
