rACp=1.0433;
rAGp=4.6907;
rATp=0.471;
rCGp=1.4216;
rTCp=4.3457;
rTGp=1;
piAp=0.3079;
piCp=0.1896;
piGp=0.2162;
piTp=0.2863;
piT1=0.276595745;
piC1=0.196114709;
piA1=0.299722479;
piG1=0.227567068;
piT2=0.283707865;
piC2=0.191947566;
piA2=0.315543071;
piG2=0.208801498;
piT3=0.281872510;
piC3=0.185258964;
piA3=0.318725100;
piG3=0.214143426;
piT4=0.281065089;
piC4=0.189349112;
piA4=0.313609467;
piG4=0.215976331;
