rACp=0.7628;
rAGp=6.2939;
rATp=0.7628;
rCGp=1;
rTCp=10.889;
rTGp=1;
piAp=0.1952;
piCp=0.3236;
piGp=0.3052;
piTp=0.1760;
piT1=0.177601810;
piC1=0.323529412;
piA1=0.194570136;
piG1=0.304298643;
piT2=0.166097838;
piC2=0.335608646;
piA2=0.187713311;
piG2=0.310580205;
piT3=0.169662921;
piC3=0.329213483;
piA3=0.191011236;
piG3=0.310112360;
piT4=0.166476625;
piC4=0.331812999;
piA4=0.192702395;
piG4=0.309007982;
