rACp=0.7223;
rAGp=4.29;
rATp=0.3872;
rCGp=1.7804;
rTCp=4.29;
rTGp=1;
piAp=0.3268;
piCp=0.1581;
piGp=0.2006;
piTp=0.3145;
piT1=0.305714286;
piC1=0.162142857;
piA1=0.320714286;
piG1=0.211428571;
piT2=0.315217391;
piC2=0.158695652;
piA2=0.321739130;
piG2=0.204347826;
piT3=0.320699708;
piC3=0.157434402;
piA3=0.323615160;
piG3=0.198250729;
piT4=0.317220544;
piC4=0.155589124;
piA4=0.329305136;
piG4=0.197885196;
