rACp=1.2075;
rAGp=6.4017;
rATp=0.6449;
rCGp=1.2834;
rTCp=6.4017;
rTGp=1;
piAp=0.25;
piCp=0.25;
piGp=0.25;
piTp=0.25;
piT1=0.235009085;
piC1=0.249545730;
piA1=0.213204119;
piG1=0.302241066;
piT2=0.264776840;
piC2=0.216525935;
piA2=0.243667069;
piG2=0.275030157;
piT3=0.265160523;
piC3=0.219976219;
piA3=0.241973841;
piG3=0.272889417;
piT4=0.267597087;
piC4=0.217839806;
piA4=0.249393204;
piG4=0.265169903;
