rACp=0.7745;
rAGp=6.678;
rATp=0.7745;
rCGp=1;
rTCp=5.7651;
rTGp=1;
piAp=0.2273;
piCp=0.2437;
piGp=0.2265;
piTp=0.3025;
piT1=0.302204929;
piC1=0.246433204;
piA1=0.227842629;
piG1=0.223519239;
piT2=0.299090909;
piC2=0.246818182;
piA2=0.226363636;
piG2=0.227727273;
piT3=0.301772590;
piC3=0.243406831;
piA3=0.227842629;
piG3=0.226977951;
piT4=0.303974706;
piC4=0.243450768;
piA4=0.224480578;
piG4=0.228093948;
