rACp=1.4088;
rAGp=6.5168;
rATp=0.196;
rCGp=1.902;
rTCp=6.5168;
rTGp=1;
piAp=0.3209;
piCp=0.1964;
piGp=0.2244;
piTp=0.2583;
piT1=0.257585139;
piC1=0.195046440;
piA1=0.320743034;
piG1=0.226625387;
piT2=0.256346749;
piC2=0.195046440;
piA2=0.321981424;
piG2=0.226625387;
piT3=0.257389163;
piC3=0.198275862;
piA3=0.317733990;
piG3=0.226600985;
piT4=0.258370183;
piC4=0.195830701;
piA4=0.325331649;
piG4=0.220467467;
