rACp=1.0218;
rAGp=3.0782;
rATp=0.2039;
rCGp=2.0879;
rTCp=3.0782;
rTGp=1;
piAp=0.25;
piCp=0.25;
piGp=0.25;
piTp=0.25;
piT1=0.301029160;
piC1=0.198113208;
piA1=0.267581475;
piG1=0.233276158;
piT2=0.319622965;
piC2=0.182519280;
piA2=0.289631534;
piG2=0.208226221;
piT3=0.322997416;
piC3=0.181739879;
piA3=0.287683032;
piG3=0.207579673;
piT4=0.322525597;
piC4=0.182593857;
piA4=0.287542662;
piG4=0.207337884;
