rACp=0.9704;
rAGp=5.6075;
rATp=0.3806;
rCGp=1.4403;
rTCp=6.0145;
rTGp=1;
piAp=0.3391;
piCp=0.2129;
piGp=0.2444;
piTp=0.2035;
piT1=0.209638554;
piC1=0.205421687;
piA1=0.346385542;
piG1=0.238554217;
piT2=0.206964520;
piC2=0.207621551;
piA2=0.344283837;
piG2=0.241130092;
piT3=0.205847255;
piC3=0.210620525;
piA3=0.338902148;
piG3=0.244630072;
piT4=0.203748489;
piC4=0.206166868;
piA4=0.342200726;
piG4=0.247883918;
