rACp=0.9888;
rAGp=4.3887;
rATp=0.6272;
rCGp=1.6859;
rTCp=4.3887;
rTGp=1;
piAp=0.3113;
piCp=0.1956;
piGp=0.1852;
piTp=0.3080;
piT1=0.309498399;
piC1=0.194236926;
piA1=0.309498399;
piG1=0.186766275;
piT2=0.309210526;
piC2=0.191885965;
piA2=0.311403509;
piG2=0.187500000;
piT3=0.312026002;
piC3=0.195016251;
piA3=0.309859155;
piG3=0.183098592;
piT4=0.311279826;
piC4=0.193058568;
piA4=0.310195228;
piG4=0.185466377;
