rACp=0.7772;
rAGp=3.1269;
rATp=0.4771;
rCGp=1.2533;
rTCp=5.7925;
rTGp=1;
piAp=0.3175;
piCp=0.1891;
piGp=0.1926;
piTp=0.3008;
piT1=0.296503497;
piC1=0.200000000;
piA1=0.307692308;
piG1=0.195804196;
piT2=0.302023121;
piC2=0.189306358;
piA2=0.320809249;
piG2=0.187861272;
piT3=0.301388889;
piC3=0.186111111;
piA3=0.315277778;
piG3=0.197222222;
piT4=0.309292649;
piC4=0.185852982;
piA4=0.313453537;
piG4=0.191400832;
