rACp=0.9994;
rAGp=7.7898;
rATp=0.7228;
rCGp=0.79;
rTCp=7.7898;
rTGp=1;
piAp=0.25;
piCp=0.25;
piGp=0.25;
piTp=0.25;
piT1=0.175490779;
piC1=0.340868531;
piA1=0.187983343;
piG1=0.295657347;
piT2=0.193975904;
piC2=0.318674699;
piA2=0.198795181;
piG2=0.288554217;
piT3=0.192785334;
piC3=0.316972206;
piA3=0.201064459;
piG3=0.289178001;
piT4=0.191591592;
piC4=0.318918919;
piA4=0.195195195;
piG4=0.294294294;
