rACp=1.332;
rAGp=12.5267;
rATp=0.4853;
rCGp=1.3129;
rTCp=12.5267;
rTGp=1;
piAp=0.25;
piCp=0.25;
piGp=0.25;
piTp=0.25;
piT1=0.241671372;
piC1=0.238283456;
piA1=0.258610954;
piG1=0.261434218;
piT2=0.238717340;
piC2=0.243467933;
piA2=0.251781473;
piG2=0.266033254;
piT3=0.232072276;
piC3=0.247882552;
piA3=0.256916996;
piG3=0.263128176;
piT4=0.234447005;
piC4=0.244239631;
piA4=0.255184332;
piG4=0.266129032;
