rACp=1.0261;
rAGp=8.9773;
rATp=0.6933;
rCGp=1.0339;
rTCp=7.7849;
rTGp=1;
piAp=0.25;
piCp=0.25;
piGp=0.25;
piTp=0.25;
piT1=0.207807808;
piC1=0.272672673;
piA1=0.209009009;
piG1=0.310510511;
piT2=0.210206561;
piC2=0.279465371;
piA2=0.208383961;
piG2=0.301944107;
piT3=0.209113608;
piC3=0.272159800;
piA3=0.196004994;
piG3=0.322721598;
piT4=0.210937500;
piC4=0.274639423;
piA4=0.206730769;
piG4=0.307692308;
