rACp=0.7389;
rAGp=8.8299;
rATp=0.7389;
rCGp=1;
rTCp=8.8299;
rTGp=1;
piAp=0.25;
piCp=0.25;
piGp=0.25;
piTp=0.25;
piT1=0.180156658;
piC1=0.258485640;
piA1=0.214099217;
piG1=0.347258486;
piT2=0.178403756;
piC2=0.269953052;
piA2=0.213615023;
piG2=0.338028169;
piT3=0.162729659;
piC3=0.288713911;
piA3=0.207349081;
piG3=0.341207349;
piT4=0.182844244;
piC4=0.275395034;
piA4=0.209932280;
piG4=0.331828442;
