rACp=0.9047;
rAGp=7.37;
rATp=0.5676;
rCGp=1.2398;
rTCp=5.2022;
rTGp=1;
piAp=0.25;
piCp=0.25;
piGp=0.25;
piTp=0.25;
piT1=0.241434263;
piC1=0.253386454;
piA1=0.246215139;
piG1=0.258964143;
piT2=0.248287671;
piC2=0.248287671;
piA2=0.239726027;
piG2=0.263698630;
piT3=0.253743105;
piC3=0.240346730;
piA3=0.250591017;
piG3=0.255319149;
piT4=0.239669421;
piC4=0.253719008;
piA4=0.235537190;
piG4=0.271074380;
