rACp=0.9995;
rAGp=3.2648;
rATp=0.3488;
rCGp=1.3202;
rTCp=3.2648;
rTGp=1;
piAp=0.25;
piCp=0.25;
piGp=0.25;
piTp=0.25;
piT1=0.291240046;
piC1=0.203640501;
piA1=0.274175199;
piG1=0.230944255;
piT2=0.293607801;
piC2=0.206933911;
piA2=0.270855905;
piG2=0.228602384;
piT3=0.292849035;
piC3=0.206583428;
piA3=0.267877412;
piG3=0.232690125;
piT4=0.300720906;
piC4=0.201853759;
piA4=0.272914521;
piG4=0.224510814;
