rACp=1.551;
rAGp=10.6755;
rATp=0.4534;
rCGp=1.5228;
rTCp=10.6755;
rTGp=1;
piAp=0.25;
piCp=0.25;
piGp=0.25;
piTp=0.25;
piT1=0.310154525;
piC1=0.235651214;
piA1=0.200883002;
piG1=0.253311258;
piT2=0.308048639;
piC2=0.236826867;
piA2=0.203242617;
piG2=0.251881876;
piT3=0.307950728;
piC3=0.235722284;
piA3=0.204367301;
piG3=0.251959686;
piT4=0.307735743;
piC4=0.232636928;
piA4=0.204968944;
piG4=0.254658385;
