rACp=0.5698;
rAGp=7.217;
rATp=0.5698;
rCGp=1;
rTCp=5.2945;
rTGp=1;
piAp=0.25;
piCp=0.25;
piGp=0.25;
piTp=0.25;
piT1=0.288693743;
piC1=0.223380900;
piA1=0.247530187;
piG1=0.240395170;
piT2=0.290807799;
piC2=0.223398329;
piA2=0.246796657;
piG2=0.238997214;
piT3=0.293064877;
piC3=0.222595078;
piA3=0.254474273;
piG3=0.229865772;
piT4=0.291506849;
piC4=0.220273973;
piA4=0.252602740;
piG4=0.235616438;
