rACp=1.0537;
rAGp=6.4566;
rATp=0.6473;
rCGp=1.2529;
rTCp=6.4566;
rTGp=1;
piAp=0.25;
piCp=0.25;
piGp=0.25;
piTp=0.25;
piT1=0.247311828;
piC1=0.215686275;
piA1=0.275774826;
piG1=0.261227071;
piT2=0.251908397;
piC2=0.210559796;
piA2=0.286259542;
piG2=0.251272265;
piT3=0.253275109;
piC3=0.210230817;
piA3=0.283842795;
piG3=0.252651279;
piT4=0.249029754;
piC4=0.216041397;
piA4=0.282018111;
piG4=0.252910737;
