rACp=0.8703;
rAGp=7.1529;
rATp=0.4607;
rCGp=1.1995;
rTCp=7.1529;
rTGp=1;
piAp=0.25;
piCp=0.25;
piGp=0.25;
piTp=0.25;
piT1=0.238210399;
piC1=0.265417170;
piA1=0.267230955;
piG1=0.229141475;
piT2=0.249684741;
piC2=0.253467844;
piA2=0.279949559;
piG2=0.216897856;
piT3=0.252948886;
piC3=0.259501966;
piA3=0.264089122;
piG3=0.223460026;
piT4=0.252618608;
piC4=0.250154036;
piA4=0.281577326;
piG4=0.215650031;
