rACp=1;
rAGp=5.5866;
rATp=0.8131;
rCGp=0.8131;
rTCp=5.5866;
rTGp=1;
piAp=0.2622;
piCp=0.2017;
piGp=0.2395;
piTp=0.2965;
piT1=0.297554348;
piC1=0.201766304;
piA1=0.258152174;
piG1=0.242527174;
piT2=0.295593220;
piC2=0.204067797;
piA2=0.258983051;
piG2=0.241355932;
piT3=0.297872340;
piC3=0.200797872;
piA3=0.266622340;
piG3=0.234707447;
piT4=0.296812749;
piC4=0.199867198;
piA4=0.265604250;
piG4=0.237715803;
