rACp=1.5552;
rAGp=10.3407;
rATp=1;
rCGp=1.5552;
rTCp=13.1772;
rTGp=1;
piAp=0.2785;
piCp=0.2062;
piGp=0.2407;
piTp=0.2745;
piT1=0.274655963;
piC1=0.202981651;
piA1=0.275802752;
piG1=0.246559633;
piT2=0.273164862;
piC2=0.207581227;
piA2=0.274969916;
piG2=0.244283995;
piT3=0.273509174;
piC3=0.206995413;
piA3=0.276376147;
piG3=0.243119266;
piT4=0.273302647;
piC4=0.203107020;
piA4=0.278481013;
piG4=0.245109321;
