rACp=0.7335;
rAGp=7.5268;
rATp=1.2609;
rCGp=0.6895;
rTCp=9.288;
rTGp=1;
piAp=0.25;
piCp=0.25;
piGp=0.25;
piTp=0.25;
piT1=0.091156463;
piC1=0.361904762;
piA1=0.167346939;
piG1=0.379591837;
piT2=0.104389087;
piC2=0.353499407;
piA2=0.202846975;
piG2=0.339264531;
piT3=0.105450237;
piC3=0.357819905;
piA3=0.193127962;
piG3=0.343601896;
piT4=0.112826603;
piC4=0.342042755;
piA4=0.210213777;
piG4=0.334916865;
