rACp=1.3863;
rAGp=7.2687;
rATp=1;
rCGp=1.3863;
rTCp=7.2687;
rTGp=1;
piAp=0.2246;
piCp=0.2133;
piGp=0.2617;
piTp=0.3004;
piT1=0.294152745;
piC1=0.220763723;
piA1=0.224940334;
piG1=0.260143198;
piT2=0.299150485;
piC2=0.216019417;
piA2=0.226334951;
piG2=0.258495146;
piT3=0.299643282;
piC3=0.212841855;
piA3=0.227705113;
piG3=0.259809750;
piT4=0.303210464;
piC4=0.209869203;
piA4=0.228894174;
piG4=0.258026159;
