rACp=1.0893;
rAGp=6.5995;
rATp=0.4971;
rCGp=1.4646;
rTCp=6.5995;
rTGp=1;
piAp=0.25;
piCp=0.25;
piGp=0.25;
piTp=0.25;
piT1=0.254277286;
piC1=0.241887906;
piA1=0.278466077;
piG1=0.225368732;
piT2=0.250152905;
piC2=0.248929664;
piA2=0.281345566;
piG2=0.219571865;
piT3=0.252246854;
piC3=0.243259437;
piA3=0.284601558;
piG3=0.219892151;
piT4=0.249388753;
piC4=0.249388753;
piA4=0.284229829;
piG4=0.216992665;
