rACp=1.0406;
rAGp=3.3175;
rATp=0.2983;
rCGp=2.1766;
rTCp=3.3175;
rTGp=1;
piAp=0.25;
piCp=0.25;
piGp=0.25;
piTp=0.25;
piT1=0.321951220;
piC1=0.191463415;
piA1=0.292682927;
piG1=0.193902439;
piT2=0.315403423;
piC2=0.204156479;
piA2=0.292176039;
piG2=0.188264059;
piT3=0.319070905;
piC3=0.198044010;
piA3=0.292176039;
piG3=0.190709046;
piT4=0.313144330;
piC4=0.202319588;
piA4=0.296391753;
piG4=0.188144330;
