rACp=1.44;
rAGp=8.76;
rATp=1;
rCGp=1.44;
rTCp=8.76;
rTGp=1;
piAp=0.1759;
piCp=0.2743;
piGp=0.3340;
piTp=0.2158;
piT1=0.215158924;
piC1=0.277506112;
piA1=0.160146699;
piG1=0.347188264;
piT2=0.219806763;
piC2=0.272946860;
piA2=0.169082126;
piG2=0.338164251;
piT3=0.216981132;
piC3=0.271226415;
piA3=0.169811321;
piG3=0.341981132;
piT4=0.218487395;
piC4=0.277310924;
piA4=0.170468187;
piG4=0.333733493;
