rACp=0.9514;
rAGp=4.1315;
rATp=0.5942;
rCGp=1.0165;
rTCp=6.743;
rTGp=1;
piAp=0.25;
piCp=0.25;
piGp=0.25;
piTp=0.25;
piT1=0.177207637;
piC1=0.232100239;
piA1=0.325178998;
piG1=0.265513126;
piT2=0.180036742;
piC2=0.227801592;
piA2=0.327005511;
piG2=0.265156154;
piT3=0.182087782;
piC3=0.223606168;
piA3=0.327995255;
piG3=0.266310795;
piT4=0.175151515;
piC4=0.223030303;
piA4=0.329696970;
piG4=0.272121212;
