rACp=1.4908;
rAGp=13.9627;
rATp=1.4908;
rCGp=1;
rTCp=13.9627;
rTGp=1;
piAp=0.1389;
piCp=0.2816;
piGp=0.3959;
piTp=0.1836;
piT1=0.176880223;
piC1=0.287604457;
piA1=0.134401114;
piG1=0.401114206;
piT2=0.180800000;
piC2=0.283200000;
piA2=0.129600000;
piG2=0.406400000;
piT3=0.175546448;
piC3=0.289617486;
piA3=0.133879781;
piG3=0.400956284;
piT4=0.187599364;
piC4=0.278219396;
piA4=0.131955485;
piG4=0.402225755;
