rACp=1;
rAGp=10.5334;
rATp=0.6946;
rCGp=0.6946;
rTCp=10.5334;
rTGp=1;
piAp=0.25;
piCp=0.25;
piGp=0.25;
piTp=0.25;
piT1=0.238344988;
piC1=0.262820513;
piA1=0.186480186;
piG1=0.312354312;
piT2=0.233866193;
piC2=0.264653641;
piA2=0.179396092;
piG2=0.322084073;
piT3=0.234005764;
piC3=0.262824207;
piA3=0.180979827;
piG3=0.322190202;
piT4=0.240566038;
piC4=0.258844340;
piA4=0.181603774;
piG4=0.318985849;
