rACp=0.7066;
rAGp=7.1588;
rATp=0.7066;
rCGp=1;
rTCp=7.1588;
rTGp=1;
piAp=0.25;
piCp=0.25;
piGp=0.25;
piTp=0.25;
piT1=0.182987848;
piC1=0.242315940;
piA1=0.295925661;
piG1=0.278770550;
piT2=0.184774575;
piC2=0.237989653;
piA2=0.303030303;
piG2=0.274205469;
piT3=0.189285714;
piC3=0.238571429;
piA3=0.302142857;
piG3=0.270000000;
piT4=0.193571950;
piC4=0.230094960;
piA4=0.308254200;
piG4=0.268078890;
