rACp=1.0283;
rAGp=6.2189;
rATp=0.6802;
rCGp=1.4575;
rTCp=6.2189;
rTGp=1;
piAp=0.2218;
piCp=0.2664;
piGp=0.3136;
piTp=0.1982;
piT1=0.184126984;
piC1=0.283597884;
piA1=0.213756614;
piG1=0.318518519;
piT2=0.200435730;
piC2=0.272331155;
piA2=0.216775599;
piG2=0.310457516;
piT3=0.199376947;
piC3=0.266874351;
piA3=0.223260644;
piG3=0.310488058;
piT4=0.202572347;
piC4=0.265809218;
piA4=0.225080386;
piG4=0.306538049;
