rACp=1.4768;
rAGp=7.0777;
rATp=1;
rCGp=1.4768;
rTCp=12.0501;
rTGp=1;
piAp=0.3448;
piCp=0.1863;
piGp=0.2341;
piTp=0.2349;
piT1=0.231559290;
piC1=0.185807656;
piA1=0.337068161;
piG1=0.245564893;
piT2=0.236962489;
piC2=0.186642269;
piA2=0.344922232;
piG2=0.231473010;
piT3=0.229791099;
piC3=0.193460490;
piA3=0.343324251;
piG3=0.233424160;
piT4=0.223851417;
piC4=0.182795699;
piA4=0.350928641;
piG4=0.242424242;
