rACp=1.0877;
rAGp=5.844;
rATp=0.5512;
rCGp=1.3344;
rTCp=4.6199;
rTGp=1;
piAp=0.2710;
piCp=0.2076;
piGp=0.2118;
piTp=0.3096;
piT1=0.309007982;
piC1=0.204104903;
piA1=0.280501710;
piG1=0.206385405;
piT2=0.311821816;
piC2=0.206739006;
piA2=0.272986865;
piG2=0.208452313;
piT3=0.310985915;
piC3=0.205070423;
piA3=0.269859155;
piG3=0.214084507;
piT4=0.310996564;
piC4=0.202176403;
piA4=0.276059565;
piG4=0.210767468;
