rACp=1;
rAGp=7.0234;
rATp=1;
rCGp=1;
rTCp=7.0234;
rTGp=1;
piAp=0.25;
piCp=0.25;
piGp=0.25;
piTp=0.25;
piT1=0.263986014;
piC1=0.196969697;
piA1=0.296037296;
piG1=0.243006993;
piT2=0.262816735;
piC2=0.198585740;
piA2=0.298173247;
piG2=0.240424278;
piT3=0.260386191;
piC3=0.201872440;
piA3=0.292568754;
piG3=0.245172616;
piT4=0.261150235;
piC4=0.199530516;
piA4=0.298708920;
piG4=0.240610329;
