rACp=0.7424;
rAGp=4.8376;
rATp=0.3698;
rCGp=1.5902;
rTCp=4.8376;
rTGp=1;
piAp=0.2890;
piCp=0.1980;
piGp=0.1880;
piTp=0.3249;
piT1=0.324408468;
piC1=0.206102117;
piA1=0.284557908;
piG1=0.184931507;
piT2=0.329773869;
piC2=0.190326633;
piA2=0.294597990;
piG2=0.185301508;
piT3=0.324391765;
piC3=0.197754211;
piA3=0.286961946;
piG3=0.190892077;
piT4=0.323970037;
piC4=0.195380774;
piA4=0.295255930;
piG4=0.185393258;
