rACp=1;
rAGp=5.4069;
rATp=0.8688;
rCGp=0.8688;
rTCp=5.4069;
rTGp=1;
piAp=0.25;
piCp=0.25;
piGp=0.25;
piTp=0.25;
piT1=0.289133247;
piC1=0.235446313;
piA1=0.247089263;
piG1=0.228331177;
piT2=0.295039164;
piC2=0.232375979;
piA2=0.246083551;
piG2=0.226501305;
piT3=0.292521509;
piC3=0.229649239;
piA3=0.250165453;
piG3=0.227663799;
piT4=0.290513834;
piC4=0.234519104;
piA4=0.248353096;
piG4=0.226613966;
