rACp=0.7419;
rAGp=4.3168;
rATp=0.1785;
rCGp=1.7737;
rTCp=4.3168;
rTGp=1;
piAp=0.25;
piCp=0.25;
piGp=0.25;
piTp=0.25;
piT1=0.276876268;
piC1=0.270791075;
piA1=0.208924949;
piG1=0.243407708;
piT2=0.300204918;
piC2=0.248975410;
piA2=0.232581967;
piG2=0.218237705;
piT3=0.295616718;
piC3=0.246687054;
piA3=0.232415902;
piG3=0.225280326;
piT4=0.289640592;
piC4=0.256871036;
piA4=0.205073996;
piG4=0.248414376;
