rACp=1.0523;
rAGp=6.2718;
rATp=0.5355;
rCGp=1.9643;
rTCp=6.2718;
rTGp=1;
piAp=0.25;
piCp=0.25;
piGp=0.25;
piTp=0.25;
piT1=0.300528402;
piC1=0.233817701;
piA1=0.260237781;
piG1=0.205416116;
piT2=0.301795580;
piC2=0.239640884;
piA2=0.256906077;
piG2=0.201657459;
piT3=0.302746149;
piC3=0.230408573;
piA3=0.263228399;
piG3=0.203616879;
piT4=0.301188904;
piC4=0.239101717;
piA4=0.255614267;
piG4=0.204095112;
