rACp=0.449;
rAGp=5.0125;
rATp=0.449;
rCGp=1;
rTCp=5.0125;
rTGp=1;
piAp=0.2987;
piCp=0.2236;
piGp=0.1749;
piTp=0.3028;
piT1=0.306759099;
piC1=0.218948585;
piA1=0.301559792;
piG1=0.172732525;
piT2=0.302795955;
piC2=0.224271267;
piA2=0.299821535;
piG2=0.173111243;
piT3=0.305035129;
piC3=0.222482436;
piA3=0.300351288;
piG3=0.172131148;
piT4=0.307923169;
piC4=0.219687875;
piA4=0.298319328;
piG4=0.174069628;
