rACp=0.5246;
rAGp=4.141;
rATp=0.5246;
rCGp=1;
rTCp=4.141;
rTGp=1;
piAp=0.3073;
piCp=0.2256;
piGp=0.1736;
piTp=0.2935;
piT1=0.293228537;
piC1=0.223700121;
piA1=0.310761790;
piG1=0.172309553;
piT2=0.293028994;
piC2=0.224552745;
piA2=0.314003701;
piG2=0.168414559;
piT3=0.292223572;
piC3=0.226002430;
piA3=0.306196841;
piG3=0.175577157;
piT4=0.295646917;
piC4=0.223095526;
piA4=0.314389359;
piG4=0.166868198;
