rACp=0.813;
rAGp=4.8081;
rATp=0.3586;
rCGp=1.4187;
rTCp=4.8081;
rTGp=1;
piAp=0.25;
piCp=0.25;
piGp=0.25;
piTp=0.25;
piT1=0.235863095;
piC1=0.209821429;
piA1=0.309523810;
piG1=0.244791667;
piT2=0.233883058;
piC2=0.209145427;
piA2=0.315592204;
piG2=0.241379310;
piT3=0.233637747;
piC3=0.207001522;
piA3=0.315829528;
piG3=0.243531202;
piT4=0.233815689;
piC4=0.207159177;
piA4=0.319878142;
piG4=0.239146992;
