rACp=1.0293;
rAGp=7.956;
rATp=1;
rCGp=1.0293;
rTCp=7.956;
rTGp=1;
piAp=0.25;
piCp=0.25;
piGp=0.25;
piTp=0.25;
piT1=0.215002953;
piC1=0.289427053;
piA1=0.213230951;
piG1=0.282339043;
piT2=0.220843672;
piC2=0.286600496;
piA2=0.215880893;
piG2=0.276674938;
piT3=0.230360307;
piC3=0.276432369;
piA3=0.219137626;
piG3=0.274069699;
piT4=0.213422007;
piC4=0.292623942;
piA4=0.215840387;
piG4=0.278113664;
