rACp=1.2079;
rAGp=7.5077;
rATp=0.4931;
rCGp=1.6681;
rTCp=5.8354;
rTGp=1;
piAp=0.3054;
piCp=0.2000;
piGp=0.2085;
piTp=0.2861;
piT1=0.287042417;
piC1=0.198140616;
piA1=0.295758280;
piG1=0.219058687;
piT2=0.289521502;
piC2=0.198667474;
piA2=0.308903695;
piG2=0.202907329;
piT3=0.289443155;
piC3=0.195475638;
piA3=0.303944316;
piG3=0.211136891;
piT4=0.287967290;
piC4=0.196261682;
piA4=0.306074766;
piG4=0.209696262;
