rACp=1.0523;
rAGp=12.8515;
rATp=1;
rCGp=1.0523;
rTCp=19.6643;
rTGp=1;
piAp=0.25;
piCp=0.25;
piGp=0.25;
piTp=0.25;
piT1=0.193188491;
piC1=0.322372284;
piA1=0.204932472;
piG1=0.279506753;
piT2=0.190963855;
piC2=0.319277108;
piA2=0.203614458;
piG2=0.286144578;
piT3=0.176367870;
piC3=0.339348079;
piA3=0.198486612;
piG3=0.285797439;
piT4=0.193738925;
piC4=0.319551093;
piA4=0.205552274;
piG4=0.281157708;
