rACp=1.0883;
rAGp=6.5107;
rATp=0.6731;
rCGp=1.3994;
rTCp=6.5107;
rTGp=1;
piAp=0.2476;
piCp=0.1965;
piGp=0.2173;
piTp=0.3386;
piT1=0.339632829;
piC1=0.197624190;
piA1=0.244600432;
piG1=0.218142549;
piT2=0.349773243;
piC2=0.189909297;
piA2=0.242630385;
piG2=0.217687075;
piT3=0.343918192;
piC3=0.193218515;
piA3=0.248116254;
piG3=0.214747040;
piT4=0.339237789;
piC4=0.194310252;
piA4=0.251207729;
piG4=0.215244230;
