rACp=0.5688;
rAGp=20.1641;
rATp=1;
rCGp=0.5688;
rTCp=20.1641;
rTGp=1;
piAp=0.2829;
piCp=0.2340;
piGp=0.1944;
piTp=0.2887;
piT1=0.289818863;
piC1=0.232979388;
piA1=0.281698938;
piG1=0.195502811;
piT2=0.288847118;
piC2=0.232456140;
piA2=0.284461153;
piG2=0.194235589;
piT3=0.287779238;
piC3=0.239816032;
piA3=0.275295664;
piG3=0.197109067;
piT4=0.287636131;
piC4=0.234465086;
piA4=0.283792441;
piG4=0.194106342;
