rACp=0.8361;
rAGp=6.0329;
rATp=0.8361;
rCGp=1;
rTCp=6.0329;
rTGp=1;
piAp=0.2835;
piCp=0.2502;
piGp=0.2149;
piTp=0.2514;
piT1=0.248984330;
piC1=0.251886245;
piA1=0.280325015;
piG1=0.218804411;
piT2=0.250433777;
piC2=0.251012146;
piA2=0.281665703;
piG2=0.216888375;
piT3=0.250429799;
piC3=0.252148997;
piA3=0.283094556;
piG3=0.214326648;
piT4=0.248651887;
piC4=0.251647693;
piA4=0.286998203;
piG4=0.212702217;
