rACp=1.0703;
rAGp=7.2947;
rATp=0.3075;
rCGp=1.8368;
rTCp=7.2947;
rTGp=1;
piAp=0.25;
piCp=0.25;
piGp=0.25;
piTp=0.25;
piT1=0.253655435;
piC1=0.225047680;
piA1=0.278448824;
piG1=0.242848061;
piT2=0.264913406;
piC2=0.211032713;
piA2=0.289929442;
piG2=0.234124439;
piT3=0.261089987;
piC3=0.216096324;
piA3=0.290874525;
piG3=0.231939163;
piT4=0.264499681;
piC4=0.210325048;
piA4=0.293817718;
piG4=0.231357553;
