rACp=0.5905;
rAGp=7.0843;
rATp=0.5905;
rCGp=1;
rTCp=7.0843;
rTGp=1;
piAp=0.25;
piCp=0.25;
piGp=0.25;
piTp=0.25;
piT1=0.244841049;
piC1=0.255995538;
piA1=0.284997211;
piG1=0.214166202;
piT2=0.247728649;
piC2=0.247728649;
piA2=0.282253180;
piG2=0.222289522;
piT3=0.246651786;
piC3=0.253906250;
piA3=0.282366071;
piG3=0.217075893;
piT4=0.250420168;
piC4=0.251540616;
piA4=0.281792717;
piG4=0.216246499;
