rACp=1.4282;
rAGp=5.5511;
rATp=1;
rCGp=1.4282;
rTCp=5.5511;
rTGp=1;
piAp=0.2324;
piCp=0.2049;
piGp=0.2452;
piTp=0.3175;
piT1=0.300429185;
piC1=0.212446352;
piA1=0.233905579;
piG1=0.253218884;
piT2=0.314393939;
piC2=0.208333333;
piA2=0.234848485;
piG2=0.242424242;
piT3=0.317214700;
piC3=0.206963250;
piA3=0.234042553;
piG3=0.241779497;
piT4=0.302272727;
piC4=0.213636364;
piA4=0.234090909;
piG4=0.250000000;
