rACp=0.9278;
rAGp=5.3298;
rATp=0.6562;
rCGp=1.2997;
rTCp=6.2745;
rTGp=1;
piAp=0.2578;
piCp=0.2213;
piGp=0.2313;
piTp=0.2896;
piT1=0.283295195;
piC1=0.223798627;
piA1=0.259038902;
piG1=0.233867277;
piT2=0.290079925;
piC2=0.223319229;
piA2=0.252938411;
piG2=0.233662435;
piT3=0.289461574;
piC3=0.221813162;
piA3=0.255867464;
piG3=0.232857800;
piT4=0.292201835;
piC4=0.217889908;
piA4=0.256422018;
piG4=0.233486239;
