rACp=1.0153;
rAGp=7.819;
rATp=0.5218;
rCGp=1.7872;
rTCp=6.3686;
rTGp=1;
piAp=0.2516;
piCp=0.2142;
piGp=0.1555;
piTp=0.3787;
piT1=0.382760699;
piC1=0.210367691;
piA1=0.254370102;
piG1=0.152501507;
piT2=0.380048960;
piC2=0.211138311;
piA2=0.255201958;
piG2=0.153610771;
piT3=0.379144063;
piC3=0.213984328;
piA3=0.255575648;
piG3=0.151295961;
piT4=0.379436965;
piC4=0.212362301;
piA4=0.252753978;
piG4=0.155446756;
