rACp=0.5656;
rAGp=4.2644;
rATp=0.5656;
rCGp=1;
rTCp=4.2644;
rTGp=1;
piAp=0.25;
piCp=0.25;
piGp=0.25;
piTp=0.25;
piT1=0.281659389;
piC1=0.182678311;
piA1=0.307860262;
piG1=0.227802038;
piT2=0.283842795;
piC2=0.179767103;
piA2=0.305676856;
piG2=0.230713246;
piT3=0.287249284;
piC3=0.178366762;
piA3=0.297994269;
piG3=0.236389685;
piT4=0.284180387;
piC4=0.183249821;
piA4=0.302075877;
piG4=0.230493916;
