rACp=0.8098;
rAGp=6.5637;
rATp=0.3368;
rCGp=1.8292;
rTCp=4.3912;
rTGp=1;
piAp=0.25;
piCp=0.25;
piGp=0.25;
piTp=0.25;
piT1=0.321314952;
piC1=0.219512195;
piA1=0.239660657;
piG1=0.219512195;
piT2=0.317907445;
piC2=0.216297787;
piA2=0.253521127;
piG2=0.212273642;
piT3=0.315476190;
piC3=0.217261905;
piA3=0.255952381;
piG3=0.211309524;
piT4=0.310069791;
piC4=0.215353938;
piA4=0.252243270;
piG4=0.222333001;
