rACp=1.4883;
rAGp=7.5955;
rATp=1;
rCGp=1.4883;
rTCp=7.5955;
rTGp=1;
piAp=0.2966;
piCp=0.2218;
piGp=0.2276;
piTp=0.2540;
piT1=0.254772877;
piC1=0.217248190;
piA1=0.298222515;
piG1=0.229756419;
piT2=0.251989390;
piC2=0.222811671;
piA2=0.300397878;
piG2=0.224801061;
piT3=0.250822910;
piC3=0.222514812;
piA3=0.294930876;
piG3=0.231731402;
piT4=0.253493014;
piC4=0.221556886;
piA4=0.301397206;
piG4=0.223552894;
