rACp=0.9046;
rAGp=5.4134;
rATp=0.6558;
rCGp=1.6194;
rTCp=4.9967;
rTGp=1;
piAp=0.25;
piCp=0.25;
piGp=0.25;
piTp=0.25;
piT1=0.227581942;
piC1=0.264069264;
piA1=0.235621521;
piG1=0.272727273;
piT2=0.242656450;
piC2=0.245849298;
piA2=0.242017880;
piG2=0.269476373;
piT3=0.240568955;
piC3=0.251082251;
piA3=0.244897959;
piG3=0.263450835;
piT4=0.236093144;
piC4=0.253557568;
piA4=0.244501940;
piG4=0.265847348;
