rACp=0.6032;
rAGp=6.9284;
rATp=1;
rCGp=0.6032;
rTCp=6.9284;
rTGp=1;
piAp=0.25;
piCp=0.25;
piGp=0.25;
piTp=0.25;
piT1=0.247292419;
piC1=0.229241877;
piA1=0.288808664;
piG1=0.234657040;
piT2=0.250000000;
piC2=0.224637681;
piA2=0.286231884;
piG2=0.239130435;
piT3=0.251773050;
piC3=0.221631206;
piA3=0.289007092;
piG3=0.237588652;
piT4=0.250444050;
piC4=0.223801066;
piA4=0.291296625;
piG4=0.234458259;
