rACp=1.1221;
rAGp=6.2291;
rATp=1;
rCGp=1.1221;
rTCp=6.2291;
rTGp=1;
piAp=0.25;
piCp=0.25;
piGp=0.25;
piTp=0.25;
piT1=0.229752066;
piC1=0.284297521;
piA1=0.244628099;
piG1=0.241322314;
piT2=0.236842105;
piC2=0.269980507;
piA2=0.243664717;
piG2=0.249512671;
piT3=0.235342692;
piC3=0.280759703;
piA3=0.234516928;
piG3=0.249380677;
piT4=0.233393178;
piC4=0.276481149;
piA4=0.238779174;
piG4=0.251346499;
