rACp=1.7157;
rAGp=9.8741;
rATp=1;
rCGp=1.7157;
rTCp=14.0929;
rTGp=1;
piAp=0.25;
piCp=0.25;
piGp=0.25;
piTp=0.25;
piT1=0.252969121;
piC1=0.234560570;
piA1=0.268408551;
piG1=0.244061758;
piT2=0.259281802;
piC2=0.224589166;
piA2=0.275715155;
piG2=0.240413877;
piT3=0.257278669;
piC3=0.231729055;
piA3=0.266191325;
piG3=0.244800951;
piT4=0.253317250;
piC4=0.231604343;
piA4=0.270808203;
piG4=0.244270205;
