rACp=0.7524;
rAGp=4.4513;
rATp=0.7524;
rCGp=1;
rTCp=5.1353;
rTGp=1;
piAp=0.25;
piCp=0.25;
piGp=0.25;
piTp=0.25;
piT1=0.254577158;
piC1=0.205754141;
piA1=0.282476024;
piG1=0.257192677;
piT2=0.249122807;
piC2=0.205263158;
piA2=0.282456140;
piG2=0.263157895;
piT3=0.253926702;
piC3=0.202443281;
piA3=0.279232112;
piG3=0.264397906;
piT4=0.248447205;
piC4=0.205856256;
piA4=0.278615794;
piG4=0.267080745;
