rACp=0.8897;
rAGp=4.0294;
rATp=0.6832;
rCGp=1.1671;
rTCp=4.0294;
rTGp=1;
piAp=0.2729;
piCp=0.2321;
piGp=0.2041;
piTp=0.2908;
piT1=0.287914692;
piC1=0.229857820;
piA1=0.279620853;
piG1=0.202606635;
piT2=0.288732394;
piC2=0.226525822;
piA2=0.275821596;
piG2=0.208920188;
piT3=0.286764706;
piC3=0.237745098;
piA3=0.265931373;
piG3=0.209558824;
piT4=0.286379511;
piC4=0.227008149;
piA4=0.277066356;
piG4=0.209545984;
