rACp=0.4718;
rAGp=5.6185;
rATp=0.4718;
rCGp=1;
rTCp=3.9467;
rTGp=1;
piAp=0.25;
piCp=0.25;
piGp=0.25;
piTp=0.25;
piT1=0.312420786;
piC1=0.200887199;
piA1=0.259188847;
piG1=0.227503169;
piT2=0.312142403;
piC2=0.194532740;
piA2=0.270820089;
piG2=0.222504768;
piT3=0.310709838;
piC3=0.197384807;
piA3=0.270236613;
piG3=0.221668742;
piT4=0.315034311;
piC4=0.192763568;
piA4=0.279475983;
piG4=0.212726138;
