rACp=1.6748;
rAGp=8.0907;
rATp=1;
rCGp=1.6748;
rTCp=8.0907;
rTGp=1;
piAp=0.25;
piCp=0.25;
piGp=0.25;
piTp=0.25;
piT1=0.201438849;
piC1=0.211903205;
piA1=0.347285808;
piG1=0.239372139;
piT2=0.200803213;
piC2=0.210174029;
piA2=0.349397590;
piG2=0.239625167;
piT3=0.196969697;
piC3=0.214097497;
piA3=0.345849802;
piG3=0.243083004;
piT4=0.202889035;
piC4=0.207485227;
piA4=0.351936967;
piG4=0.237688772;
