rACp=0.7992;
rAGp=4.8313;
rATp=0.3008;
rCGp=1.1791;
rTCp=4.8313;
rTGp=1;
piAp=0.25;
piCp=0.25;
piGp=0.25;
piTp=0.25;
piT1=0.245075319;
piC1=0.246234067;
piA1=0.292004635;
piG1=0.216685979;
piT2=0.249268578;
piC2=0.241661791;
piA2=0.307197191;
piG2=0.201872440;
piT3=0.250875146;
piC3=0.241540257;
piA3=0.306301050;
piG3=0.201283547;
piT4=0.243211334;
piC4=0.252066116;
piA4=0.302243211;
piG4=0.202479339;
