rACp=0.6518;
rAGp=4.7811;
rATp=0.4831;
rCGp=1.0001;
rTCp=3.9439;
rTGp=1;
piAp=0.2784;
piCp=0.2271;
piGp=0.1891;
piTp=0.3054;
piT1=0.309953584;
piC1=0.221763796;
piA1=0.281072718;
piG1=0.187209902;
piT2=0.306709265;
piC2=0.226304579;
piA2=0.286474973;
piG2=0.180511182;
piT3=0.303810505;
piC3=0.225540680;
piA3=0.288362513;
piG3=0.182286303;
piT4=0.312144703;
piC4=0.222222222;
piA4=0.279586563;
piG4=0.186046512;
