rACp=1.4054;
rAGp=12.6603;
rATp=1;
rCGp=1.4054;
rTCp=7.8332;
rTGp=1;
piAp=0.25;
piCp=0.25;
piGp=0.25;
piTp=0.25;
piT1=0.229933615;
piC1=0.229933615;
piA1=0.211828606;
piG1=0.328304164;
piT2=0.230143840;
piC2=0.233270794;
piA2=0.205753596;
piG2=0.330831770;
piT3=0.232794734;
piC3=0.227408737;
piA3=0.210053860;
piG3=0.329742669;
piT4=0.231441048;
piC4=0.232064878;
piA4=0.205240175;
piG4=0.331253899;
