rACp=1.9872;
rAGp=14.5582;
rATp=1;
rCGp=1.9872;
rTCp=14.5582;
rTGp=1;
piAp=0.25;
piCp=0.25;
piGp=0.25;
piTp=0.25;
piT1=0.226557583;
piC1=0.220893644;
piA1=0.325361863;
piG1=0.227186910;
piT2=0.226130653;
piC2=0.220477387;
piA2=0.327261307;
piG2=0.226130653;
piT3=0.229721362;
piC3=0.214241486;
piA3=0.325696594;
piG3=0.230340557;
piT4=0.229330115;
piC4=0.215449608;
piA4=0.328907664;
piG4=0.226312613;
