rACp=1;
rAGp=4.8466;
rATp=0.8488;
rCGp=0.8488;
rTCp=4.8466;
rTGp=1;
piAp=0.25;
piCp=0.25;
piGp=0.25;
piTp=0.25;
piT1=0.325483092;
piC1=0.205314010;
piA1=0.266908213;
piG1=0.202294686;
piT2=0.322481572;
piC2=0.205773956;
piA2=0.275798526;
piG2=0.195945946;
piT3=0.326443769;
piC3=0.203647416;
piA3=0.270516717;
piG3=0.199392097;
piT4=0.321450151;
piC4=0.206646526;
piA4=0.277341390;
piG4=0.194561934;
