rACp=0.3691;
rAGp=3.9011;
rATp=0.3691;
rCGp=1;
rTCp=3.3139;
rTGp=1;
piAp=0.25;
piCp=0.25;
piGp=0.25;
piTp=0.25;
piT1=0.340975897;
piC1=0.212815991;
piA1=0.276308054;
piG1=0.169900059;
piT2=0.344242424;
piC2=0.209696970;
piA2=0.273939394;
piG2=0.172121212;
piT3=0.345971564;
piC3=0.204976303;
piA3=0.272511848;
piG3=0.176540284;
piT4=0.342167256;
piC4=0.209658422;
piA4=0.277385159;
piG4=0.170789164;
