rACp=1.3402;
rAGp=9.6652;
rATp=1.3402;
rCGp=1;
rTCp=9.6652;
rTGp=1;
piAp=0.25;
piCp=0.25;
piGp=0.25;
piTp=0.25;
piT1=0.281933257;
piC1=0.211162255;
piA1=0.260069045;
piG1=0.246835443;
piT2=0.286133960;
piC2=0.210340776;
piA2=0.253819036;
piG2=0.249706228;
piT3=0.284313725;
piC3=0.212226067;
piA3=0.259515571;
piG3=0.243944637;
piT4=0.288785590;
piC4=0.209761766;
piA4=0.262056944;
piG4=0.239395700;
