rACp=0.906;
rAGp=5.1093;
rATp=0.6574;
rCGp=1.1629;
rTCp=3.8875;
rTGp=1;
piAp=0.2773;
piCp=0.2458;
piGp=0.1873;
piTp=0.2896;
piT1=0.288540246;
piC1=0.244884038;
piA1=0.276261937;
piG1=0.190313779;
piT2=0.291376912;
piC2=0.241307371;
piA2=0.283727399;
piG2=0.183588317;
piT3=0.289437586;
piC3=0.243484225;
piA3=0.277777778;
piG3=0.189300412;
piT4=0.294505495;
piC4=0.245421245;
piA4=0.274725275;
piG4=0.185347985;
