rACp=1.175;
rAGp=7.6415;
rATp=0.5786;
rCGp=1.0335;
rTCp=7.6415;
rTGp=1;
piAp=0.25;
piCp=0.25;
piGp=0.25;
piTp=0.25;
piT1=0.280537697;
piC1=0.246639392;
piA1=0.224430158;
piG1=0.248392753;
piT2=0.282608696;
piC2=0.242149758;
piA2=0.223429952;
piG2=0.251811594;
piT3=0.288194444;
piC3=0.240162037;
piA3=0.221064815;
piG3=0.250578704;
piT4=0.282898551;
piC4=0.244637681;
piA4=0.217971014;
piG4=0.254492754;
