rACp=1.2758;
rAGp=11.2558;
rATp=0.3278;
rCGp=2.0515;
rTCp=4.7625;
rTGp=1;
piAp=0.25;
piCp=0.25;
piGp=0.25;
piTp=0.25;
piT1=0.352905932;
piC1=0.252846016;
piA1=0.181545836;
piG1=0.212702217;
piT2=0.339095745;
piC2=0.250000000;
piA2=0.190824468;
piG2=0.220079787;
piT3=0.356213018;
piC3=0.246745562;
piA3=0.189349112;
piG3=0.207692308;
piT4=0.353080569;
piC4=0.250592417;
piA4=0.182464455;
piG4=0.213862559;
