rACp=1;
rAGp=5.6455;
rATp=1;
rCGp=1;
rTCp=12.8611;
rTGp=1;
piAp=0.3003;
piCp=0.2140;
piGp=0.3055;
piTp=0.1803;
piT1=0.181467181;
piC1=0.213642214;
piA1=0.301801802;
piG1=0.303088803;
piT2=0.181340342;
piC2=0.214191853;
piA2=0.300262812;
piG2=0.304204993;
piT3=0.182462927;
piC3=0.215989684;
piA3=0.299161831;
piG3=0.302385558;
piT4=0.184862693;
piC4=0.208305425;
piA4=0.306764903;
piG4=0.300066979;
