rACp=0.9305;
rAGp=6.2153;
rATp=0.384;
rCGp=1.6293;
rTCp=10.0899;
rTGp=1;
piAp=0.2479;
piCp=0.2868;
piGp=0.2705;
piTp=0.1949;
piT1=0.181516325;
piC1=0.299391256;
piA1=0.232982844;
piG1=0.286109574;
piT2=0.189402480;
piC2=0.289177001;
piA2=0.257046223;
piG2=0.264374295;
piT3=0.203243243;
piC3=0.277837838;
piA3=0.253513514;
piG3=0.265405405;
piT4=0.201943844;
piC4=0.282397408;
piA4=0.262419006;
piG4=0.253239741;
