rACp=1.1616;
rAGp=4.9132;
rATp=0.3464;
rCGp=2.3359;
rTCp=7.8261;
rTGp=1;
piAp=0.25;
piCp=0.25;
piGp=0.25;
piTp=0.25;
piT1=0.220318237;
piC1=0.211138311;
piA1=0.319461444;
piG1=0.249082007;
piT2=0.220615965;
piC2=0.204274041;
piA2=0.323067253;
piG2=0.252042740;
piT3=0.220660147;
piC3=0.210880196;
piA3=0.320904645;
piG3=0.247555012;
piT4=0.218960245;
piC4=0.209785933;
piA4=0.324159021;
piG4=0.247094801;
