rACp=1.7636;
rAGp=10.1277;
rATp=1;
rCGp=1.7636;
rTCp=10.1277;
rTGp=1;
piAp=0.2822;
piCp=0.1999;
piGp=0.2082;
piTp=0.3097;
piT1=0.312238806;
piC1=0.200597015;
piA1=0.283582090;
piG1=0.203582090;
piT2=0.307982401;
piC2=0.192331867;
piA2=0.290383407;
piG2=0.209302326;
piT3=0.312128419;
piC3=0.199167658;
piA3=0.282996433;
piG3=0.205707491;
piT4=0.317936413;
piC4=0.196160768;
piA4=0.280143971;
piG4=0.205758848;
