rACp=0.9432;
rAGp=4.3509;
rATp=0.3073;
rCGp=2.7185;
rTCp=7.6015;
rTGp=1;
piAp=0.2508;
piCp=0.3060;
piGp=0.2617;
piTp=0.1815;
piT1=0.193593315;
piC1=0.289693593;
piA1=0.268802228;
piG1=0.247910864;
piT2=0.195744681;
piC2=0.286524823;
piA2=0.266666667;
piG2=0.251063830;
piT3=0.192787795;
piC3=0.292649098;
piA3=0.264909847;
piG3=0.249653259;
piT4=0.193593315;
piC4=0.289693593;
piA4=0.271587744;
piG4=0.245125348;
