rACp=0.9059;
rAGp=4.8199;
rATp=0.2516;
rCGp=2.0125;
rTCp=8.5395;
rTGp=1;
piAp=0.25;
piCp=0.25;
piGp=0.25;
piTp=0.25;
piT1=0.258536585;
piC1=0.237804878;
piA1=0.286585366;
piG1=0.217073171;
piT2=0.253571429;
piC2=0.240476190;
piA2=0.292857143;
piG2=0.213095238;
piT3=0.267898383;
piC3=0.227482679;
piA3=0.297921478;
piG3=0.206697460;
piT4=0.254098361;
piC4=0.240046838;
piA4=0.291569087;
piG4=0.214285714;
