rACp=1.1755;
rAGp=5.555;
rATp=0.5083;
rCGp=1.7332;
rTCp=6.905;
rTGp=1;
piAp=0.25;
piCp=0.25;
piGp=0.25;
piTp=0.25;
piT1=0.299311209;
piC1=0.204132749;
piA1=0.268628679;
piG1=0.227927364;
piT2=0.306216931;
piC2=0.197089947;
piA2=0.263227513;
piG2=0.233465608;
piT3=0.307644110;
piC3=0.197994987;
piA3=0.265664160;
piG3=0.228696742;
piT4=0.310410095;
piC4=0.195583596;
piA4=0.259936909;
piG4=0.234069401;
