rACp=0.9825;
rAGp=11.4305;
rATp=0.5282;
rCGp=1.2046;
rTCp=5.3749;
rTGp=1;
piAp=0.1323;
piCp=0.3506;
piGp=0.3364;
piTp=0.1807;
piT1=0.171770972;
piC1=0.362183755;
piA1=0.123834887;
piG1=0.342210386;
piT2=0.179624665;
piC2=0.348525469;
piA2=0.134048257;
piG2=0.337801609;
piT3=0.185580774;
piC3=0.345794393;
piA3=0.141522029;
piG3=0.327102804;
piT4=0.181818182;
piC4=0.350267380;
piA4=0.139037433;
piG4=0.328877005;
