rACp=0.2988;
rAGp=2.4391;
rATp=0.2988;
rCGp=1;
rTCp=17.0562;
rTGp=1;
piAp=0.2795;
piCp=0.2332;
piGp=0.3017;
piTp=0.1856;
piT1=0.179630666;
piC1=0.236709569;
piA1=0.273083380;
piG1=0.310576385;
piT2=0.188372093;
piC2=0.230813953;
piA2=0.282558140;
piG2=0.298255814;
piT3=0.189944134;
piC3=0.229050279;
piA3=0.283798883;
piG3=0.297206704;
piT4=0.188268156;
piC4=0.229608939;
piA4=0.282681564;
piG4=0.299441341;
