rACp=0.733;
rAGp=6.8896;
rATp=0.4433;
rCGp=1.0967;
rTCp=6.8896;
rTGp=1;
piAp=0.2345;
piCp=0.2894;
piGp=0.2950;
piTp=0.1811;
piT1=0.185087719;
piC1=0.289473684;
piA1=0.240350877;
piG1=0.285087719;
piT2=0.179104478;
piC2=0.297629500;
piA2=0.223002634;
piG2=0.300263389;
piT3=0.184763573;
piC3=0.292469352;
piA3=0.230297723;
piG3=0.292469352;
piT4=0.181898846;
piC4=0.297249335;
piA4=0.218278616;
piG4=0.302573203;
