rACp=1.1042;
rAGp=5.5039;
rATp=0.4676;
rCGp=1.2843;
rTCp=5.1517;
rTGp=1;
piAp=0.25;
piCp=0.25;
piGp=0.25;
piTp=0.25;
piT1=0.241785493;
piC1=0.201487911;
piA1=0.337879727;
piG1=0.218846869;
piT2=0.249259917;
piC2=0.196566015;
piA2=0.337477798;
piG2=0.216696270;
piT3=0.246701090;
piC3=0.198508319;
piA3=0.339070568;
piG3=0.215720023;
piT4=0.247953216;
piC4=0.195321637;
piA4=0.338596491;
piG4=0.218128655;
