rACp=1.5284;
rAGp=7.3361;
rATp=1;
rCGp=1.5284;
rTCp=10.161;
rTGp=1;
piAp=0.25;
piCp=0.25;
piGp=0.25;
piTp=0.25;
piT1=0.225613405;
piC1=0.256732496;
piA1=0.283064034;
piG1=0.234590066;
piT2=0.218513854;
piC2=0.254408060;
piA2=0.289672544;
piG2=0.237405542;
piT3=0.224404762;
piC3=0.254166667;
piA3=0.288095238;
piG3=0.233333333;
piT4=0.222619048;
piC4=0.258928571;
piA4=0.285714286;
piG4=0.232738095;
