rACp=1;
rAGp=6.3057;
rATp=0.7774;
rCGp=0.7774;
rTCp=6.3057;
rTGp=1;
piAp=0.25;
piCp=0.25;
piGp=0.25;
piTp=0.25;
piT1=0.296672307;
piC1=0.225606317;
piA1=0.257191201;
piG1=0.220530175;
piT2=0.300634737;
piC2=0.223889209;
piA2=0.252740912;
piG2=0.222735141;
piT3=0.298559078;
piC3=0.227665706;
piA3=0.251296830;
piG3=0.222478386;
piT4=0.301062574;
piC4=0.222550177;
piA4=0.245572609;
piG4=0.230814640;
