rACp=0.7875;
rAGp=4.9022;
rATp=0.4122;
rCGp=1.2859;
rTCp=4.9022;
rTGp=1;
piAp=0.25;
piCp=0.25;
piGp=0.25;
piTp=0.25;
piT1=0.315602837;
piC1=0.221985816;
piA1=0.276595745;
piG1=0.185815603;
piT2=0.314680233;
piC2=0.222383721;
piA2=0.281250000;
piG2=0.181686047;
piT3=0.315602837;
piC3=0.219148936;
piA3=0.273758865;
piG3=0.191489362;
piT4=0.320768137;
piC4=0.213371266;
piA4=0.276671408;
piG4=0.189189189;
