rACp=1;
rAGp=8.7279;
rATp=1;
rCGp=1;
rTCp=8.7279;
rTGp=1;
piAp=0.3197;
piCp=0.2643;
piGp=0.2074;
piTp=0.2086;
piT1=0.211874272;
piC1=0.261350407;
piA1=0.319557625;
piG1=0.207217695;
piT2=0.204179104;
piC2=0.268059701;
piA2=0.318208955;
piG2=0.209552239;
piT3=0.206755970;
piC3=0.265579499;
piA3=0.319161328;
piG3=0.208503203;
piT4=0.203523694;
piC4=0.267922236;
piA4=0.320170109;
piG4=0.208383961;
