rACp=0.6212;
rAGp=5.8668;
rATp=0.4175;
rCGp=1.1378;
rTCp=5.8668;
rTGp=1;
piAp=0.2975;
piCp=0.2154;
piGp=0.1747;
piTp=0.3125;
piT1=0.310063991;
piC1=0.221640489;
piA1=0.297847586;
piG1=0.170447935;
piT2=0.319526627;
piC2=0.208875740;
piA2=0.300000000;
piG2=0.171597633;
piT3=0.302217036;
piC3=0.226371062;
piA3=0.287047841;
piG3=0.184364061;
piT4=0.315882353;
piC4=0.212941176;
piA4=0.295294118;
piG4=0.175882353;
