rACp=1.1253;
rAGp=11.3831;
rATp=1;
rCGp=1.1253;
rTCp=11.3831;
rTGp=1;
piAp=0.25;
piCp=0.25;
piGp=0.25;
piTp=0.25;
piT1=0.202672606;
piC1=0.256124722;
piA1=0.319042316;
piG1=0.222160356;
piT2=0.210247350;
piC2=0.250294464;
piA2=0.321554770;
piG2=0.217903416;
piT3=0.203494927;
piC3=0.255355130;
piA3=0.321871477;
piG3=0.219278467;
piT4=0.208240535;
piC4=0.251113586;
piA4=0.325167038;
piG4=0.215478842;
