rACp=1.0177;
rAGp=7.794;
rATp=0.453;
rCGp=1.54;
rTCp=7.794;
rTGp=1;
piAp=0.25;
piCp=0.25;
piGp=0.25;
piTp=0.25;
piT1=0.230714791;
piC1=0.225053079;
piA1=0.297947629;
piG1=0.246284501;
piT2=0.235042735;
piC2=0.219373219;
piA2=0.301994302;
piG2=0.243589744;
piT3=0.223016440;
piC3=0.230164403;
piA3=0.292351680;
piG3=0.254467477;
piT4=0.237228831;
piC4=0.220433870;
piA4=0.302309307;
piG4=0.240027992;
