rACp=0.7347;
rAGp=7.3115;
rATp=0.4531;
rCGp=1.0858;
rTCp=5.0317;
rTGp=1;
piAp=0.25;
piCp=0.25;
piGp=0.25;
piTp=0.25;
piT1=0.231534091;
piC1=0.316761364;
piA1=0.228693182;
piG1=0.223011364;
piT2=0.238025055;
piC2=0.311717023;
piA2=0.235077377;
piG2=0.215180545;
piT3=0.229196051;
piC3=0.323695346;
piA3=0.217912553;
piG3=0.229196051;
piT4=0.243185079;
piC4=0.307747489;
piA4=0.237446198;
piG4=0.211621234;
