rACp=1.4236;
rAGp=7.994;
rATp=0.4164;
rCGp=2.7358;
rTCp=6.7606;
rTGp=1;
piAp=0.25;
piCp=0.25;
piGp=0.25;
piTp=0.25;
piT1=0.262995050;
piC1=0.215346535;
piA1=0.290222772;
piG1=0.231435644;
piT2=0.272104608;
piC2=0.204856787;
piA2=0.306351183;
piG2=0.216687422;
piT3=0.271039604;
piC3=0.206064356;
piA3=0.307549505;
piG3=0.215346535;
piT4=0.266914960;
piC4=0.207945376;
piA4=0.301055245;
piG4=0.224084420;
