rACp=1.5431;
rAGp=9.0878;
rATp=1;
rCGp=1.5431;
rTCp=5.5111;
rTGp=1;
piAp=0.1761;
piCp=0.3271;
piGp=0.2541;
piTp=0.2426;
piT1=0.242725337;
piC1=0.323633783;
piA1=0.185947480;
piG1=0.247693400;
piT2=0.236725664;
piC2=0.329646018;
piA2=0.175516224;
piG2=0.258112094;
piT3=0.249291785;
piC3=0.314447592;
piA3=0.187677054;
piG3=0.248583569;
piT4=0.251622206;
piC4=0.312184571;
piA4=0.188896900;
piG4=0.247296323;
