rACp=1.5926;
rAGp=7.9788;
rATp=1;
rCGp=1.5926;
rTCp=14.6841;
rTGp=1;
piAp=0.25;
piCp=0.25;
piGp=0.25;
piTp=0.25;
piT1=0.239877301;
piC1=0.225766871;
piA1=0.298773006;
piG1=0.235582822;
piT2=0.236679058;
piC2=0.227385378;
piA2=0.304832714;
piG2=0.231102850;
piT3=0.243408952;
piC3=0.219497241;
piA3=0.306560392;
piG3=0.230533415;
piT4=0.239802225;
piC4=0.226205192;
piA4=0.303461063;
piG4=0.230531520;
