rACp=1.6338;
rAGp=8.5395;
rATp=1;
rCGp=1.6338;
rTCp=8.5395;
rTGp=1;
piAp=0.25;
piCp=0.25;
piGp=0.25;
piTp=0.25;
piT1=0.253986333;
piC1=0.212414579;
piA1=0.309225513;
piG1=0.224373576;
piT2=0.251597908;
piC2=0.212085997;
piA2=0.314933178;
piG2=0.221382917;
piT3=0.253201397;
piC3=0.212456345;
piA3=0.315483120;
piG3=0.218859139;
piT4=0.255160550;
piC4=0.212155963;
piA4=0.317087156;
piG4=0.215596330;
