rACp=1.8729;
rAGp=17.1707;
rATp=0.6494;
rCGp=1.888;
rTCp=17.1707;
rTGp=1;
piAp=0.2293;
piCp=0.2059;
piGp=0.2228;
piTp=0.3421;
piT1=0.347238543;
piC1=0.202115159;
piA1=0.233254994;
piG1=0.217391304;
piT2=0.343899522;
piC2=0.205143541;
piA2=0.229066986;
piG2=0.221889952;
piT3=0.346244131;
piC3=0.203051643;
piA3=0.230633803;
piG3=0.220070423;
piT4=0.348769050;
piC4=0.200468933;
piA4=0.231535756;
piG4=0.219226260;
