rACp=0.9561;
rAGp=7.7132;
rATp=0.3923;
rCGp=1.3482;
rTCp=7.7132;
rTGp=1;
piAp=0.25;
piCp=0.25;
piGp=0.25;
piTp=0.25;
piT1=0.303508772;
piC1=0.190643275;
piA1=0.279532164;
piG1=0.226315789;
piT2=0.294482331;
piC2=0.193428394;
piA2=0.280843149;
piG2=0.231246125;
piT3=0.299710145;
piC3=0.188405797;
piA3=0.284637681;
piG3=0.227246377;
piT4=0.298143852;
piC4=0.190255220;
piA4=0.280742459;
piG4=0.230858469;
