rACp=1.2035;
rAGp=4.3982;
rATp=0.3666;
rCGp=1.7014;
rTCp=6.3451;
rTGp=1;
piAp=0.25;
piCp=0.25;
piGp=0.25;
piTp=0.25;
piT1=0.299869622;
piC1=0.192307692;
piA1=0.232724902;
piG1=0.275097784;
piT2=0.305844156;
piC2=0.191558442;
piA2=0.232467532;
piG2=0.270129870;
piT3=0.308192458;
piC3=0.187256177;
piA3=0.232769831;
piG3=0.271781534;
piT4=0.300466356;
piC4=0.192538308;
piA4=0.229180546;
piG4=0.277814790;
