rACp=0.6073;
rAGp=12.3772;
rATp=0.6073;
rCGp=1;
rTCp=6.8704;
rTGp=1;
piAp=0.1709;
piCp=0.3136;
piGp=0.2699;
piTp=0.2457;
piT1=0.247002398;
piC1=0.312949640;
piA1=0.169664269;
piG1=0.270383693;
piT2=0.248711340;
piC2=0.311855670;
piA2=0.169458763;
piG2=0.269974227;
piT3=0.244324970;
piC3=0.316606930;
piA3=0.172043011;
piG3=0.267025090;
piT4=0.248803828;
piC4=0.309808612;
piA4=0.178229665;
piG4=0.263157895;
