rACp=1.1355;
rAGp=6.9432;
rATp=0.2429;
rCGp=2.3986;
rTCp=6.9432;
rTGp=1;
piAp=0.25;
piCp=0.25;
piGp=0.25;
piTp=0.25;
piT1=0.301714286;
piC1=0.208000000;
piA1=0.254857143;
piG1=0.235428571;
piT2=0.304398148;
piC2=0.209490741;
piA2=0.256944444;
piG2=0.229166667;
piT3=0.310929281;
piC3=0.203389831;
piA3=0.263004091;
piG3=0.222676797;
piT4=0.303377218;
piC4=0.206639954;
piA4=0.254722381;
piG4=0.235260446;
