rACp=1.0515;
rAGp=6.3362;
rATp=0.481;
rCGp=1.6174;
rTCp=6.3362;
rTGp=1;
piAp=0.3222;
piCp=0.2417;
piGp=0.1985;
piTp=0.2377;
piT1=0.242220866;
piC1=0.234289201;
piA1=0.327028676;
piG1=0.196461257;
piT2=0.240443896;
piC2=0.238594328;
piA2=0.327990136;
piG2=0.192971640;
piT3=0.244251088;
piC3=0.233064015;
piA3=0.326289621;
piG3=0.196395277;
piT4=0.246096190;
piC4=0.234853217;
piA4=0.331043098;
piG4=0.188007495;
