rACp=0.7368;
rAGp=4.1187;
rATp=0.3096;
rCGp=1.6324;
rTCp=4.232;
rTGp=1;
piAp=0.25;
piCp=0.25;
piGp=0.25;
piTp=0.25;
piT1=0.227081581;
piC1=0.227081581;
piA1=0.328847771;
piG1=0.216989066;
piT2=0.237774030;
piC2=0.218381113;
piA2=0.337268128;
piG2=0.206576728;
piT3=0.242881072;
piC3=0.213567839;
piA3=0.342546064;
piG3=0.201005025;
piT4=0.243944637;
piC4=0.218858131;
piA4=0.330449827;
piG4=0.206747405;
