rACp=1.3352;
rAGp=8.9677;
rATp=0.548;
rCGp=1.6324;
rTCp=8.9677;
rTGp=1;
piAp=0.25;
piCp=0.25;
piGp=0.25;
piTp=0.25;
piT1=0.318396226;
piC1=0.223466981;
piA1=0.210495283;
piG1=0.247641509;
piT2=0.323458283;
piC2=0.215840387;
piA2=0.218863362;
piG2=0.241837969;
piT3=0.328621908;
piC3=0.215547703;
piA3=0.217314488;
piG3=0.238515901;
piT4=0.339274739;
piC4=0.208358943;
piA4=0.212661340;
piG4=0.239704978;
