rACp=1.0776;
rAGp=10.5367;
rATp=0.563;
rCGp=1.7038;
rTCp=8.8991;
rTGp=1;
piAp=0.1855;
piCp=0.2752;
piGp=0.3125;
piTp=0.2268;
piT1=0.216981132;
piC1=0.283876501;
piA1=0.180102916;
piG1=0.319039451;
piT2=0.230240550;
piC2=0.269759450;
piA2=0.186426117;
piG2=0.313573883;
piT3=0.236254296;
piC3=0.262886598;
piA3=0.202749141;
piG3=0.298109966;
piT4=0.238382100;
piC4=0.259896730;
piA4=0.188468158;
piG4=0.313253012;
