rACp=1.1871;
rAGp=6.3823;
rATp=0.4988;
rCGp=2.8772;
rTCp=6.3823;
rTGp=1;
piAp=0.25;
piCp=0.25;
piGp=0.25;
piTp=0.25;
piT1=0.268016677;
piC1=0.208457415;
piA1=0.288862418;
piG1=0.234663490;
piT2=0.274096386;
piC2=0.206626506;
piA2=0.287349398;
piG2=0.231927711;
piT3=0.268477574;
piC3=0.204674668;
piA3=0.295009476;
piG3=0.231838282;
piT4=0.267106843;
piC4=0.208283313;
piA4=0.293517407;
piG4=0.231092437;
