rACp=1.3019;
rAGp=6.8676;
rATp=0.6838;
rCGp=1.4786;
rTCp=8.2205;
rTGp=1;
piAp=0.2751;
piCp=0.2197;
piGp=0.2195;
piTp=0.2857;
piT1=0.297725706;
piC1=0.205375603;
piA1=0.282563749;
piG1=0.214334941;
piT2=0.292786421;
piC2=0.212871287;
piA2=0.280763791;
piG2=0.213578501;
piT3=0.294605809;
piC3=0.213692946;
piA3=0.277316736;
piG3=0.214384509;
piT4=0.285507246;
piC4=0.215217391;
piA4=0.285507246;
piG4=0.213768116;
