rACp=0.9281;
rAGp=7.6545;
rATp=0.3208;
rCGp=1.7859;
rTCp=7.6545;
rTGp=1;
piAp=0.25;
piCp=0.25;
piGp=0.25;
piTp=0.25;
piT1=0.327362569;
piC1=0.212476838;
piA1=0.240271773;
piG1=0.219888820;
piT2=0.327541828;
piC2=0.202702703;
piA2=0.251608752;
piG2=0.218146718;
piT3=0.325492689;
piC3=0.205340114;
piA3=0.251748252;
piG3=0.217418945;
piT4=0.324004975;
piC4=0.207711443;
piA4=0.250000000;
piG4=0.218283582;
