rACp=1.3989;
rAGp=5.8645;
rATp=1;
rCGp=1.3989;
rTCp=7.6164;
rTGp=1;
piAp=0.2222;
piCp=0.2385;
piGp=0.2481;
piTp=0.2912;
piT1=0.295478444;
piC1=0.237118822;
piA1=0.225026288;
piG1=0.242376446;
piT2=0.295142555;
piC2=0.230728617;
piA2=0.224392819;
piG2=0.249736008;
piT3=0.291818656;
piC3=0.233454924;
piA3=0.226680563;
piG3=0.248045857;
piT4=0.295918367;
piC4=0.236305048;
piA4=0.223952739;
piG4=0.243823845;
