rACp=0.7668;
rAGp=7.2752;
rATp=0.7668;
rCGp=1;
rTCp=7.6021;
rTGp=1;
piAp=0.25;
piCp=0.25;
piGp=0.25;
piTp=0.25;
piT1=0.194683346;
piC1=0.275215012;
piA1=0.251759187;
piG1=0.278342455;
piT2=0.183817753;
piC2=0.278083268;
piA2=0.247446976;
piG2=0.290652003;
piT3=0.183846154;
piC3=0.279230769;
piA3=0.243076923;
piG3=0.293846154;
piT4=0.187951807;
piC4=0.281124498;
piA4=0.249799197;
piG4=0.281124498;
