rACp=0.8857;
rAGp=6.1895;
rATp=0.6045;
rCGp=1.3005;
rTCp=6.1895;
rTGp=1;
piAp=0.2472;
piCp=0.2196;
piGp=0.2479;
piTp=0.2853;
piT1=0.275712515;
piC1=0.227385378;
piA1=0.245353160;
piG1=0.251548947;
piT2=0.288544892;
piC2=0.216099071;
piA2=0.246439628;
piG2=0.248916409;
piT3=0.283767038;
piC3=0.219330855;
piA3=0.254027261;
piG3=0.242874845;
piT4=0.291744258;
piC4=0.209186840;
piA4=0.253879578;
piG4=0.245189323;
