rACp=1.4641;
rAGp=6.9504;
rATp=0.9691;
rCGp=0.7177;
rTCp=7.3536;
rTGp=1;
piAp=0.25;
piCp=0.25;
piGp=0.25;
piTp=0.25;
piT1=0.229191797;
piC1=0.231001206;
piA1=0.241857660;
piG1=0.297949337;
piT2=0.228983689;
piC2=0.241530740;
piA2=0.237139272;
piG2=0.292346299;
piT3=0.223628692;
piC3=0.239300784;
piA3=0.238095238;
piG3=0.298975286;
piT4=0.228952150;
piC4=0.231374924;
piA4=0.244094488;
piG4=0.295578437;
