rACp=1.1175;
rAGp=6.5697;
rATp=0.6885;
rCGp=1.1498;
rTCp=6.0788;
rTGp=1;
piAp=0.25;
piCp=0.25;
piGp=0.25;
piTp=0.25;
piT1=0.287869994;
piC1=0.260591991;
piA1=0.219965177;
piG1=0.231572838;
piT2=0.287152161;
piC2=0.260509177;
piA2=0.221432800;
piG2=0.230905861;
piT3=0.285133566;
piC3=0.258420441;
piA3=0.224738676;
piG3=0.231707317;
piT4=0.292639138;
piC4=0.250149611;
piA4=0.223818073;
piG4=0.233393178;
