rACp=1.1885;
rAGp=13.9093;
rATp=1;
rCGp=1.1885;
rTCp=13.9093;
rTGp=1;
piAp=0.25;
piCp=0.25;
piGp=0.25;
piTp=0.25;
piT1=0.177623991;
piC1=0.319492503;
piA1=0.243944637;
piG1=0.258938870;
piT2=0.173808087;
piC2=0.320458660;
piA2=0.258298129;
piG2=0.247435124;
piT3=0.188255613;
piC3=0.308578008;
piA3=0.257915947;
piG3=0.245250432;
piT4=0.187206573;
piC4=0.309859155;
piA4=0.258802817;
piG4=0.244131455;
