rACp=0.3924;
rAGp=4.346;
rATp=0.3924;
rCGp=1;
rTCp=4.139;
rTGp=1;
piAp=0.25;
piCp=0.25;
piGp=0.25;
piTp=0.25;
piT1=0.300366300;
piC1=0.235164835;
piA1=0.294505495;
piG1=0.169963370;
piT2=0.306569343;
piC2=0.229927007;
piA2=0.289781022;
piG2=0.173722628;
piT3=0.303907381;
piC3=0.230101302;
piA3=0.290159190;
piG3=0.175832127;
piT4=0.303964758;
piC4=0.229809104;
piA4=0.290014684;
piG4=0.176211454;
