rACp=0.9603;
rAGp=2.8781;
rATp=0.0535;
rCGp=3.7272;
rTCp=4.4502;
rTGp=1;
piAp=0.2941;
piCp=0.1891;
piGp=0.2138;
piTp=0.3031;
piT1=0.281423804;
piC1=0.201334816;
piA1=0.268075640;
piG1=0.249165740;
piT2=0.305759162;
piC2=0.184293194;
piA2=0.299476440;
piG2=0.210471204;
piT3=0.302083333;
piC3=0.190625000;
piA3=0.293750000;
piG3=0.213541667;
piT4=0.301470588;
piC4=0.186974790;
piA4=0.296218487;
piG4=0.215336134;
