rACp=1.2104;
rAGp=14.3848;
rATp=0.4477;
rCGp=1.2541;
rTCp=8.9917;
rTGp=1;
piAp=0.1740;
piCp=0.2848;
piGp=0.2794;
piTp=0.2619;
piT1=0.251123956;
piC1=0.297366731;
piA1=0.168914579;
piG1=0.282594733;
piT2=0.261797027;
piC2=0.286360698;
piA2=0.171299289;
piG2=0.280542986;
piT3=0.260317460;
piC3=0.285714286;
piA3=0.175238095;
piG3=0.278730159;
piT4=0.267936508;
piC4=0.278095238;
piA4=0.182857143;
piG4=0.271111111;
