rACp=0.8455;
rAGp=4.7033;
rATp=0.1602;
rCGp=2.0274;
rTCp=4.7033;
rTGp=1;
piAp=0.25;
piCp=0.25;
piGp=0.25;
piTp=0.25;
piT1=0.254370102;
piC1=0.191078963;
piA1=0.344786016;
piG1=0.209764919;
piT2=0.261529126;
piC2=0.181432039;
piA2=0.359830097;
piG2=0.197208738;
piT3=0.263603386;
piC3=0.181378476;
piA3=0.356711004;
piG3=0.198307134;
piT4=0.262808921;
piC4=0.181434599;
piA4=0.358047016;
piG4=0.197709464;
