rACp=1.0613;
rAGp=12.7472;
rATp=0.4905;
rCGp=1.9347;
rTCp=6.2474;
rTGp=1;
piAp=0.1737;
piCp=0.3073;
piGp=0.2831;
piTp=0.2359;
piT1=0.229186155;
piC1=0.313376988;
piA1=0.165575304;
piG1=0.291861553;
piT2=0.231053604;
piC2=0.311460259;
piA2=0.164510166;
piG2=0.292975970;
piT3=0.235510580;
piC3=0.306347746;
piA3=0.173873045;
piG3=0.284268629;
piT4=0.232774674;
piC4=0.309124767;
piA4=0.167597765;
piG4=0.290502793;
