rACp=1;
rAGp=11.1242;
rATp=1;
rCGp=1;
rTCp=11.1242;
rTGp=1;
piAp=0.25;
piCp=0.25;
piGp=0.25;
piTp=0.25;
piT1=0.221606648;
piC1=0.288088643;
piA1=0.227146814;
piG1=0.263157895;
piT2=0.222841226;
piC2=0.289693593;
piA2=0.228412256;
piG2=0.259052925;
piT3=0.232686981;
piC3=0.277008310;
piA3=0.229916898;
piG3=0.260387812;
piT4=0.224376731;
piC4=0.288088643;
piA4=0.235457064;
piG4=0.252077562;
