rACp=2.7283;
rAGp=15.8427;
rATp=1;
rCGp=2.7283;
rTCp=15.8427;
rTGp=1;
piAp=0.25;
piCp=0.25;
piGp=0.25;
piTp=0.25;
piT1=0.306074766;
piC1=0.201518692;
piA1=0.273364486;
piG1=0.219042056;
piT2=0.307462687;
piC2=0.199402985;
piA2=0.275223881;
piG2=0.217910448;
piT3=0.304142012;
piC3=0.200591716;
piA3=0.274556213;
piG3=0.220710059;
piT4=0.302599010;
piC4=0.204826733;
piA4=0.273514851;
piG4=0.219059406;
