rACp=1.475;
rAGp=4.2637;
rATp=1;
rCGp=1.475;
rTCp=12.1739;
rTGp=1;
piAp=0.2829;
piCp=0.1703;
piGp=0.3211;
piTp=0.2257;
piT1=0.231282431;
piC1=0.168272795;
piA1=0.280207561;
piG1=0.320237213;
piT2=0.231689088;
piC2=0.165171898;
piA2=0.285500747;
piG2=0.317638266;
piT3=0.231516057;
piC3=0.165795370;
piA3=0.278566094;
piG3=0.324122479;
piT4=0.226283048;
piC4=0.163297045;
piA4=0.286936236;
piG4=0.323483670;
