rACp=1.0363;
rAGp=7.2812;
rATp=0.6445;
rCGp=1.1313;
rTCp=4.184;
rTGp=1;
piAp=0.25;
piCp=0.25;
piGp=0.25;
piTp=0.25;
piT1=0.253066495;
piC1=0.268560362;
piA1=0.218850872;
piG1=0.259522272;
piT2=0.266294227;
piC2=0.256362508;
piA2=0.229050279;
piG2=0.248292986;
piT3=0.265497808;
piC3=0.259236068;
piA3=0.223544145;
piG3=0.251721979;
piT4=0.256997455;
piC4=0.265267176;
piA4=0.225826972;
piG4=0.251908397;
