rACp=0.4996;
rAGp=4.274;
rATp=0.4996;
rCGp=1;
rTCp=4.274;
rTGp=1;
piAp=0.2771;
piCp=0.2242;
piGp=0.1757;
piTp=0.3230;
piT1=0.321172249;
piC1=0.226076555;
piA1=0.272129187;
piG1=0.180622010;
piT2=0.326666667;
piC2=0.221212121;
piA2=0.278787879;
piG2=0.173333333;
piT3=0.328750747;
piC3=0.220561865;
piA3=0.273759713;
piG3=0.176927675;
piT4=0.324698795;
piC4=0.221084337;
piA4=0.284337349;
piG4=0.169879518;
