rACp=1.3381;
rAGp=9.0871;
rATp=1;
rCGp=1.3381;
rTCp=11.4801;
rTGp=1;
piAp=0.2887;
piCp=0.2379;
piGp=0.2286;
piTp=0.2447;
piT1=0.239316239;
piC1=0.243589744;
piA1=0.282661783;
piG1=0.234432234;
piT2=0.242274413;
piC2=0.241656366;
piA2=0.285537701;
piG2=0.230531520;
piT3=0.236729713;
piC3=0.242220866;
piA3=0.289810860;
piG3=0.231238560;
piT4=0.241758242;
piC4=0.239926740;
piA4=0.291819292;
piG4=0.226495726;
