rACp=0.6289;
rAGp=6.1033;
rATp=0.3378;
rCGp=1.1187;
rTCp=4.3818;
rTGp=1;
piAp=0.2128;
piCp=0.3651;
piGp=0.2436;
piTp=0.1784;
piT1=0.185234899;
piC1=0.353691275;
piA1=0.221476510;
piG1=0.239597315;
piT2=0.188881447;
piC2=0.355659745;
piA2=0.219022103;
piG2=0.236436705;
piT3=0.193699732;
piC3=0.347855228;
piA3=0.227882038;
piG3=0.230563003;
piT4=0.180405405;
piC4=0.365540541;
piA4=0.217567568;
piG4=0.236486486;
