rACp=0.5968;
rAGp=6.6147;
rATp=0.5968;
rCGp=1;
rTCp=5.4028;
rTGp=1;
piAp=0.2816;
piCp=0.2130;
piGp=0.2209;
piTp=0.2845;
piT1=0.286225403;
piC1=0.211687537;
piA1=0.279069767;
piG1=0.223017293;
piT2=0.283018868;
piC2=0.214850883;
piA2=0.278758369;
piG2=0.223371881;
piT3=0.285287081;
piC3=0.213516746;
piA3=0.278708134;
piG3=0.222488038;
piT4=0.281883194;
piC4=0.215733015;
piA4=0.281287247;
piG4=0.221096544;
