rACp=1.0681;
rAGp=8.0136;
rATp=0.5968;
rCGp=1.2802;
rTCp=6.1273;
rTGp=1;
piAp=0.2046;
piCp=0.2632;
piGp=0.3099;
piTp=0.2222;
piT1=0.225869993;
piC1=0.261982928;
piA1=0.214707814;
piG1=0.297439265;
piT2=0.217787115;
piC2=0.262605042;
piA2=0.205882353;
piG2=0.313725490;
piT3=0.222658808;
piC3=0.264571054;
piA3=0.208251473;
piG3=0.304518664;
piT4=0.221273802;
piC4=0.265265923;
piA4=0.205515430;
piG4=0.307944846;
