rACp=1.2142;
rAGp=6.8522;
rATp=0.5671;
rCGp=1.2899;
rTCp=10.5085;
rTGp=1;
piAp=0.2889;
piCp=0.2171;
piGp=0.2378;
piTp=0.2562;
piT1=0.248338369;
piC1=0.222960725;
piA1=0.287613293;
piG1=0.241087613;
piT2=0.254816656;
piC2=0.215661902;
piA2=0.290242387;
piG2=0.239279055;
piT3=0.252421308;
piC3=0.218523002;
piA3=0.288740920;
piG3=0.240314770;
piT4=0.259462759;
piC4=0.212454212;
piA4=0.294261294;
piG4=0.233821734;
