rACp=1.7452;
rAGp=11.131;
rATp=1;
rCGp=1.7452;
rTCp=11.131;
rTGp=1;
piAp=0.2935;
piCp=0.1904;
piGp=0.2274;
piTp=0.2887;
piT1=0.286935287;
piC1=0.190476190;
piA1=0.296703297;
piG1=0.225885226;
piT2=0.283850932;
piC2=0.191925466;
piA2=0.297515528;
piG2=0.226708075;
piT3=0.286935287;
piC3=0.192307692;
piA3=0.293650794;
piG3=0.227106227;
piT4=0.291208791;
piC4=0.186202686;
piA4=0.298534799;
piG4=0.224053724;
