rACp=1.2711;
rAGp=5.9229;
rATp=1;
rCGp=1.2711;
rTCp=5.9229;
rTGp=1;
piAp=0.3179;
piCp=0.1851;
piGp=0.2179;
piTp=0.2791;
piT1=0.280049566;
piC1=0.184634449;
piA1=0.316604709;
piG1=0.218711276;
piT2=0.352941176;
piC2=0.149732620;
piA2=0.347593583;
piG2=0.149732620;
piT3=0.283683560;
piC3=0.182323857;
piA3=0.322002472;
piG3=0.211990111;
piT4=0.283591331;
piC4=0.180804954;
piA4=0.315789474;
piG4=0.219814241;
