rACp=1.453;
rAGp=8.2482;
rATp=0.4513;
rCGp=2.2319;
rTCp=8.2482;
rTGp=1;
piAp=0.25;
piCp=0.25;
piGp=0.25;
piTp=0.25;
piT1=0.252063492;
piC1=0.201904762;
piA1=0.288253968;
piG1=0.257777778;
piT2=0.260952381;
piC2=0.190476190;
piA2=0.297142857;
piG2=0.251428571;
piT3=0.263845675;
piC3=0.192906036;
piA3=0.290603609;
piG3=0.252644680;
piT4=0.264925373;
piC4=0.192164179;
piA4=0.293532338;
piG4=0.249378109;
