rACp=1.2517;
rAGp=7.7646;
rATp=0.3387;
rCGp=2.0389;
rTCp=7.7646;
rTGp=1;
piAp=0.25;
piCp=0.25;
piGp=0.25;
piTp=0.25;
piT1=0.266912669;
piC1=0.193726937;
piA1=0.328413284;
piG1=0.210947109;
piT2=0.273173726;
piC2=0.181706568;
piA2=0.341313689;
piG2=0.203806016;
piT3=0.276791182;
piC3=0.176362523;
piA3=0.338640539;
piG3=0.208205756;
piT4=0.265519361;
piC4=0.186232329;
piA4=0.339889367;
piG4=0.208358943;
