rACp=0.8791;
rAGp=7.1381;
rATp=0.513;
rCGp=1.2252;
rTCp=9.5303;
rTGp=1;
piAp=0.2825;
piCp=0.2208;
piGp=0.2479;
piTp=0.2488;
piT1=0.238921002;
piC1=0.232498394;
piA1=0.279383430;
piG1=0.249197174;
piT2=0.246062992;
piC2=0.223753281;
piA2=0.275590551;
piG2=0.254593176;
piT3=0.251757188;
piC3=0.220447284;
piA3=0.277316294;
piG3=0.250479233;
piT4=0.246163683;
piC4=0.223145780;
piA4=0.288363171;
piG4=0.242327366;
