rACp=0.8718;
rAGp=4.3667;
rATp=0.4783;
rCGp=1.2989;
rTCp=4.728;
rTGp=1;
piAp=0.25;
piCp=0.25;
piGp=0.25;
piTp=0.25;
piT1=0.265866209;
piC1=0.216123499;
piA1=0.276157804;
piG1=0.241852487;
piT2=0.248310811;
piC2=0.216216216;
piA2=0.263513514;
piG2=0.271959459;
piT3=0.257443082;
piC3=0.215411559;
piA3=0.280210158;
piG3=0.246935201;
piT4=0.229477612;
piC4=0.225746269;
piA4=0.255597015;
piG4=0.289179104;
