rACp=1.2598;
rAGp=14.8221;
rATp=0.8364;
rCGp=0.7941;
rTCp=10.1591;
rTGp=1;
piAp=0.25;
piCp=0.25;
piGp=0.25;
piTp=0.25;
piT1=0.210367691;
piC1=0.298975286;
piA1=0.172995781;
piG1=0.317661242;
piT2=0.197448360;
piC2=0.314702309;
piA2=0.155528554;
piG2=0.332320778;
piT3=0.198312236;
piC3=0.311030741;
piA3=0.153104280;
piG3=0.337552743;
piT4=0.197623515;
piC4=0.312070044;
piA4=0.157598499;
piG4=0.332707942;
