rACp=0.9868;
rAGp=6.667;
rATp=0.2499;
rCGp=1.3355;
rTCp=3.1915;
rTGp=1;
piAp=0.2584;
piCp=0.2376;
piGp=0.2677;
piTp=0.2363;
piT1=0.236824550;
piC1=0.238158773;
piA1=0.260173449;
piG1=0.264843229;
piT2=0.243869210;
piC2=0.235013624;
piA2=0.265667575;
piG2=0.255449591;
piT3=0.244115669;
piC3=0.233355750;
piA3=0.264963013;
piG3=0.257565568;
piT4=0.245117845;
piC4=0.229629630;
piA4=0.269360269;
piG4=0.255892256;
