rACp=1.0094;
rAGp=4.3277;
rATp=0.515;
rCGp=1.452;
rTCp=6.0252;
rTGp=1;
piAp=0.3295;
piCp=0.2061;
piGp=0.1982;
piTp=0.2662;
piT1=0.257803468;
piC1=0.212716763;
piA1=0.323699422;
piG1=0.205780347;
piT2=0.266584767;
piC2=0.202702703;
piA2=0.335380835;
piG2=0.195331695;
piT3=0.262843489;
piC3=0.204301075;
piA3=0.339307049;
piG3=0.193548387;
piT4=0.274826790;
piC4=0.198614319;
piA4=0.330254042;
piG4=0.196304850;
