rACp=1.914;
rAGp=8.0058;
rATp=1;
rCGp=1.914;
rTCp=8.0058;
rTGp=1;
piAp=0.2576;
piCp=0.1857;
piGp=0.2362;
piTp=0.3206;
piT1=0.320830929;
piC1=0.182342758;
piA1=0.254472014;
piG1=0.242354299;
piT2=0.320743754;
piC2=0.184195235;
piA2=0.259732714;
piG2=0.235328298;
piT3=0.320645905;
piC3=0.184544406;
piA3=0.260668973;
piG3=0.234140715;
piT4=0.321366532;
piC4=0.185292415;
piA4=0.261146497;
piG4=0.232194557;
