rACp=1;
rAGp=9.0737;
rATp=1;
rCGp=1;
rTCp=9.0737;
rTGp=1;
piAp=0.25;
piCp=0.25;
piGp=0.25;
piTp=0.25;
piT1=0.248484848;
piC1=0.236914601;
piA1=0.207162534;
piG1=0.307438017;
piT2=0.253065775;
piC2=0.229654404;
piA2=0.217948718;
piG2=0.299331104;
piT3=0.245555556;
piC3=0.234444444;
piA3=0.212222222;
piG3=0.307777778;
piT4=0.249152542;
piC4=0.229378531;
piA4=0.219209040;
piG4=0.302259887;
