rACp=1.0457;
rAGp=5.2667;
rATp=0.3637;
rCGp=1.7721;
rTCp=5.6092;
rTGp=1;
piAp=0.2221;
piCp=0.2379;
piGp=0.2899;
piTp=0.2501;
piT1=0.261776983;
piC1=0.228384019;
piA1=0.239117472;
piG1=0.270721527;
piT2=0.261748959;
piC2=0.229625223;
piA2=0.239738251;
piG2=0.268887567;
piT3=0.262089552;
piC3=0.228059701;
piA3=0.241194030;
piG3=0.268656716;
piT4=0.267303103;
piC4=0.221957041;
piA4=0.242840095;
piG4=0.267899761;
