rACp=0.6229;
rAGp=6.5912;
rATp=0.6229;
rCGp=1;
rTCp=4.1335;
rTGp=1;
piAp=0.2650;
piCp=0.2349;
piGp=0.1944;
piTp=0.3057;
piT1=0.310911809;
piC1=0.230941704;
piA1=0.264573991;
piG1=0.193572496;
piT2=0.302197802;
piC2=0.235478807;
piA2=0.268445840;
piG2=0.193877551;
piT3=0.306198656;
piC3=0.231516057;
piA3=0.265123226;
piG3=0.197162061;
piT4=0.303958178;
piC4=0.235997013;
piA4=0.262135922;
piG4=0.197908887;
