rACp=0.6451;
rAGp=7.2127;
rATp=0.6451;
rCGp=1;
rTCp=4.9613;
rTGp=1;
piAp=0.2493;
piCp=0.2366;
piGp=0.1785;
piTp=0.3355;
piT1=0.337195829;
piC1=0.238122827;
piA1=0.246813441;
piG1=0.177867903;
piT2=0.335468841;
piC2=0.235294118;
piA2=0.250436808;
piG2=0.178800233;
piT3=0.337995338;
piC3=0.235431235;
piA3=0.246503497;
piG3=0.180069930;
piT4=0.336293665;
piC4=0.236234458;
piA4=0.252812315;
piG4=0.174659562;
