rACp=0.9774;
rAGp=4.0371;
rATp=0.6067;
rCGp=1.0499;
rTCp=3.6069;
rTGp=1;
piAp=0.2931;
piCp=0.2066;
piGp=0.1718;
piTp=0.3285;
piT1=0.328029376;
piC1=0.202570379;
piA1=0.297429621;
piG1=0.171970624;
piT2=0.325949367;
piC2=0.206329114;
piA2=0.294936709;
piG2=0.172784810;
piT3=0.330882353;
piC3=0.206495098;
piA3=0.292279412;
piG3=0.170343137;
piT4=0.324155194;
piC4=0.207133917;
piA4=0.292866083;
piG4=0.175844806;
