rACp=0.6765;
rAGp=4.7194;
rATp=0.6765;
rCGp=1;
rTCp=4.7194;
rTGp=1;
piAp=0.2672;
piCp=0.2071;
piGp=0.1943;
piTp=0.3314;
piT1=0.335351090;
piC1=0.202179177;
piA1=0.265738499;
piG1=0.196731235;
piT2=0.332720588;
piC2=0.206495098;
piA2=0.268382353;
piG2=0.192401961;
piT3=0.329225352;
piC3=0.205985915;
piA3=0.267018779;
piG3=0.197769953;
piT4=0.335427136;
piC4=0.204773869;
piA4=0.265703518;
piG4=0.194095477;
