rACp=0.6537;
rAGp=3.8362;
rATp=0.6537;
rCGp=1;
rTCp=3.8362;
rTGp=1;
piAp=0.3123;
piCp=0.2041;
piGp=0.1861;
piTp=0.2975;
piT1=0.295817958;
piC1=0.204182042;
piA1=0.319188192;
piG1=0.180811808;
piT2=0.294451450;
piC2=0.206179067;
piA2=0.312105927;
piG2=0.187263556;
piT3=0.293680297;
piC3=0.205700124;
piA3=0.312887237;
piG3=0.187732342;
piT4=0.299876084;
piC4=0.205700124;
piA4=0.310408922;
piG4=0.184014870;
