rACp=0.8341;
rAGp=5.8812;
rATp=0.8341;
rCGp=1;
rTCp=4.798;
rTGp=1;
piAp=0.2804;
piCp=0.2203;
piGp=0.2019;
piTp=0.2974;
piT1=0.291521487;
piC1=0.227061556;
piA1=0.271196283;
piG1=0.210220674;
piT2=0.295980512;
piC2=0.219244823;
piA2=0.278319123;
piG2=0.206455542;
piT3=0.288314739;
piC3=0.226071638;
piA3=0.278919554;
piG3=0.206694069;
piT4=0.302325581;
piC4=0.216279070;
piA4=0.280232558;
piG4=0.201162791;
