rACp=1;
rAGp=7.0669;
rATp=0.7678;
rCGp=0.7678;
rTCp=4.9515;
rTGp=1;
piAp=0.25;
piCp=0.25;
piGp=0.25;
piTp=0.25;
piT1=0.257228315;
piC1=0.243270189;
piA1=0.270189432;
piG1=0.229312064;
piT2=0.221714286;
piC2=0.254857143;
piA2=0.285714286;
piG2=0.237714286;
piT3=0.258503401;
piC3=0.239067055;
piA3=0.280855199;
piG3=0.221574344;
piT4=0.266735324;
piC4=0.239958805;
piA4=0.269824923;
piG4=0.223480947;
