rACp=1.909;
rAGp=7.4603;
rATp=1.2163;
rCGp=1.6118;
rTCp=15.0269;
rTGp=1;
piAp=0.25;
piCp=0.25;
piGp=0.25;
piTp=0.25;
piT1=0.187410587;
piC1=0.264663805;
piA1=0.162374821;
piG1=0.385550787;
piT2=0.220028209;
piC2=0.225669958;
piA2=0.190409027;
piG2=0.363892807;
piT3=0.228033473;
piC3=0.223152022;
piA3=0.184797768;
piG3=0.364016736;
piT4=0.231527094;
piC4=0.217452498;
piA4=0.190710767;
piG4=0.360309641;
