rACp=0.5297;
rAGp=4.4889;
rATp=0.5297;
rCGp=1;
rTCp=4.4889;
rTGp=1;
piAp=0.25;
piCp=0.25;
piGp=0.25;
piTp=0.25;
piT1=0.236664162;
piC1=0.204357626;
piA1=0.316303531;
piG1=0.242674681;
piT2=0.238022814;
piC2=0.205323194;
piA2=0.316349810;
piG2=0.240304183;
piT3=0.234709480;
piC3=0.201834862;
piA3=0.320336391;
piG3=0.243119266;
piT4=0.234894260;
piC4=0.201661631;
piA4=0.324018127;
piG4=0.239425982;
