rACp=1.4216;
rAGp=6.8599;
rATp=1;
rCGp=1.4216;
rTCp=8.5147;
rTGp=1;
piAp=0.25;
piCp=0.25;
piGp=0.25;
piTp=0.25;
piT1=0.275449102;
piC1=0.219560878;
piA1=0.244510978;
piG1=0.260479042;
piT2=0.263208453;
piC2=0.235350624;
piA2=0.238232469;
piG2=0.263208453;
piT3=0.271106942;
piC3=0.224202627;
piA3=0.239212008;
piG3=0.265478424;
piT4=0.269899360;
piC4=0.228728271;
piA4=0.236047575;
piG4=0.265324794;
