rACp=0.8728;
rAGp=5.7818;
rATp=0.47;
rCGp=1.3665;
rTCp=5.7818;
rTGp=1;
piAp=0.25;
piCp=0.25;
piGp=0.25;
piTp=0.25;
piT1=0.220249836;
piC1=0.197238659;
piA1=0.338593031;
piG1=0.243918475;
piT2=0.215404700;
piC2=0.205613577;
piA2=0.336161880;
piG2=0.242819843;
piT3=0.210389610;
piC3=0.209740260;
piA3=0.334415584;
piG3=0.245454545;
piT4=0.215660252;
piC4=0.206370272;
piA4=0.334439283;
piG4=0.243530192;
