rACp=1.2077;
rAGp=10.6307;
rATp=1.1489;
rCGp=1.0258;
rTCp=10.6307;
rTGp=1;
piAp=0.25;
piCp=0.25;
piGp=0.25;
piTp=0.25;
piT1=0.195248701;
piC1=0.299925761;
piA1=0.153674833;
piG1=0.351150705;
piT2=0.210563883;
piC2=0.291220557;
piA2=0.154889365;
piG2=0.343326196;
piT3=0.205620288;
piC3=0.291980809;
piA3=0.161069225;
piG3=0.341329678;
piT4=0.205967977;
piC4=0.291848617;
piA4=0.156477438;
piG4=0.345705968;
