rACp=0.4961;
rAGp=5.4232;
rATp=0.1948;
rCGp=1.1406;
rTCp=2.8376;
rTGp=1;
piAp=0.25;
piCp=0.25;
piGp=0.25;
piTp=0.25;
piT1=0.336796537;
piC1=0.225974026;
piA1=0.246753247;
piG1=0.190476190;
piT2=0.349131122;
piC2=0.215639810;
piA2=0.264612954;
piG2=0.170616114;
piT3=0.343534813;
piC3=0.220351951;
piA3=0.257077276;
piG3=0.179035960;
piT4=0.350230415;
piC4=0.213517665;
piA4=0.262672811;
piG4=0.173579109;
