rACp=0.7307;
rAGp=7.2848;
rATp=0.3053;
rCGp=1.3563;
rTCp=5.8493;
rTGp=1;
piAp=0.2264;
piCp=0.2856;
piGp=0.1979;
piTp=0.2901;
piT1=0.299607843;
piC1=0.278431373;
piA1=0.228235294;
piG1=0.193725490;
piT2=0.302158273;
piC2=0.275779376;
piA2=0.229416467;
piG2=0.192645883;
piT3=0.298823529;
piC3=0.279215686;
piA3=0.232156863;
piG3=0.189803922;
piT4=0.296989422;
piC4=0.281529699;
piA4=0.232709520;
piG4=0.188771359;
