rACp=0.9282;
rAGp=4.6342;
rATp=0.421;
rCGp=1.7152;
rTCp=4.6342;
rTGp=1;
piAp=0.25;
piCp=0.25;
piGp=0.25;
piTp=0.25;
piT1=0.318618042;
piC1=0.214971209;
piA1=0.257837492;
piG1=0.208573257;
piT2=0.319688109;
piC2=0.213775179;
piA2=0.262508122;
piG2=0.204028590;
piT3=0.321405751;
piC3=0.210862620;
piA3=0.261341853;
piG3=0.206389776;
piT4=0.317975341;
piC4=0.211550941;
piA4=0.262816353;
piG4=0.207657365;
