rACp=1.125;
rAGp=9.0767;
rATp=0.2971;
rCGp=2.0627;
rTCp=3.7398;
rTGp=1;
piAp=0.1977;
piCp=0.2539;
piGp=0.2655;
piTp=0.2830;
piT1=0.283469945;
piC1=0.254098361;
piA1=0.198770492;
piG1=0.263661202;
piT2=0.299255247;
piC2=0.241029113;
piA2=0.205822613;
piG2=0.253893026;
piT3=0.296146045;
piC3=0.242731575;
piA3=0.208924949;
piG3=0.252197431;
piT4=0.288306452;
piC4=0.251344086;
piA4=0.197580645;
piG4=0.262768817;
