rACp=2.1087;
rAGp=13.3971;
rATp=1;
rCGp=2.1087;
rTCp=13.3971;
rTGp=1;
piAp=0.25;
piCp=0.25;
piGp=0.25;
piTp=0.25;
piT1=0.291987673;
piC1=0.168721109;
piA1=0.345146379;
piG1=0.194144838;
piT2=0.295786758;
piC2=0.163370593;
piA2=0.349097163;
piG2=0.191745486;
piT3=0.295069337;
piC3=0.164098613;
piA3=0.347457627;
piG3=0.193374422;
piT4=0.297484822;
piC4=0.163920208;
piA4=0.349522984;
piG4=0.189071986;
