rACp=0.8585;
rAGp=3.5474;
rATp=0.4163;
rCGp=1.5609;
rTCp=5.2751;
rTGp=1;
piAp=0.4229;
piCp=0.1463;
piGp=0.2337;
piTp=0.1971;
piT1=0.194740138;
piC1=0.145898560;
piA1=0.418284283;
piG1=0.241077019;
piT2=0.194984326;
piC2=0.151097179;
piA2=0.421316614;
piG2=0.232601881;
piT3=0.193992491;
piC3=0.146433041;
piA3=0.425531915;
piG3=0.234042553;
piT4=0.198352345;
piC4=0.146387833;
piA4=0.421419518;
piG4=0.233840304;
