rACp=1.4783;
rAGp=5.931;
rATp=0.3176;
rCGp=1.7719;
rTCp=9.9523;
rTGp=1;
piAp=0.25;
piCp=0.25;
piGp=0.25;
piTp=0.25;
piT1=0.258160237;
piC1=0.203560831;
piA1=0.301483680;
piG1=0.236795252;
piT2=0.267769608;
piC2=0.196691176;
piA2=0.306985294;
piG2=0.228553922;
piT3=0.268757688;
piC3=0.193111931;
piA3=0.309963100;
piG3=0.228167282;
piT4=0.260946746;
piC4=0.201775148;
piA4=0.302958580;
piG4=0.234319527;
