rACp=1;
rAGp=10.3274;
rATp=1;
rCGp=1;
rTCp=4.8537;
rTGp=1;
piAp=0.1634;
piCp=0.2500;
piGp=0.2542;
piTp=0.3323;
piT1=0.330699088;
piC1=0.255927052;
piA1=0.159270517;
piG1=0.254103343;
piT2=0.329218107;
piC2=0.252792475;
piA2=0.156966490;
piG2=0.261022928;
piT3=0.328703704;
piC3=0.251157407;
piA3=0.161458333;
piG3=0.258680556;
piT4=0.326755659;
piC4=0.254788160;
piA4=0.158444573;
piG4=0.260011608;
