rACp=0.758;
rAGp=5.7687;
rATp=0.333;
rCGp=1.072;
rTCp=8.4575;
rTGp=1;
piAp=0.2522;
piCp=0.1982;
piGp=0.2767;
piTp=0.2729;
piT1=0.257986739;
piC1=0.212176010;
piA1=0.250753466;
piG1=0.279083785;
piT2=0.275116822;
piC2=0.200934579;
piA2=0.254672897;
piG2=0.269275701;
piT3=0.268534734;
piC3=0.203736135;
piA3=0.255107998;
piG3=0.272621133;
piT4=0.266981689;
piC4=0.207324276;
piA4=0.245717661;
piG4=0.279976373;
