rACp=1;
rAGp=7.539;
rATp=1;
rCGp=1;
rTCp=8.788;
rTGp=1;
piAp=0.25;
piCp=0.25;
piGp=0.25;
piTp=0.25;
piT1=0.255271920;
piC1=0.248057714;
piA1=0.204217536;
piG1=0.292452830;
piT2=0.257567105;
piC2=0.246716162;
piA2=0.198743575;
piG2=0.296973158;
piT3=0.256601607;
piC3=0.248564868;
piA3=0.200918485;
piG3=0.293915040;
piT4=0.254390935;
piC4=0.250424929;
piA4=0.197733711;
piG4=0.297450425;
