rACp=1;
rAGp=5.3668;
rATp=0.8939;
rCGp=0.8939;
rTCp=5.3668;
rTGp=1;
piAp=0.25;
piCp=0.25;
piGp=0.25;
piTp=0.25;
piT1=0.307091346;
piC1=0.200120192;
piA1=0.279447115;
piG1=0.213341346;
piT2=0.310134310;
piC2=0.194139194;
piA2=0.285103785;
piG2=0.210622711;
piT3=0.311899038;
piC3=0.191706731;
piA3=0.287860577;
piG3=0.208533654;
piT4=0.310924370;
piC4=0.192076831;
piA4=0.286914766;
piG4=0.210084034;
