rACp=0.7619;
rAGp=9.7234;
rATp=0.7619;
rCGp=1;
rTCp=9.5076;
rTGp=1;
piAp=0.25;
piCp=0.25;
piGp=0.25;
piTp=0.25;
piT1=0.240310078;
piC1=0.288231149;
piA1=0.196617336;
piG1=0.274841438;
piT2=0.224794623;
piC2=0.302464526;
piA2=0.197908887;
piG2=0.274831964;
piT3=0.237894737;
piC3=0.295438596;
piA3=0.195087719;
piG3=0.271578947;
piT4=0.235029940;
piC4=0.295658683;
piA4=0.197604790;
piG4=0.271706587;
