rACp=0.4767;
rAGp=4.1358;
rATp=0.4767;
rCGp=1;
rTCp=3.7225;
rTGp=1;
piAp=0.25;
piCp=0.25;
piGp=0.25;
piTp=0.25;
piT1=0.334126040;
piC1=0.231866825;
piA1=0.256242568;
piG1=0.177764566;
piT2=0.337342153;
piC2=0.224293446;
piA2=0.260974143;
piG2=0.177390259;
piT3=0.336402701;
piC3=0.226519337;
piA3=0.257213014;
piG3=0.179864948;
piT4=0.338817794;
piC4=0.225472273;
piA4=0.254113346;
piG4=0.181596587;
