rACp=0.9449;
rAGp=5.5583;
rATp=0.4228;
rCGp=1.7479;
rTCp=7.062;
rTGp=1;
piAp=0.3640;
piCp=0.1993;
piGp=0.2025;
piTp=0.2342;
piT1=0.229831689;
piC1=0.208937899;
piA1=0.358096344;
piG1=0.203134068;
piT2=0.239766082;
piC2=0.192397661;
piA2=0.366666667;
piG2=0.201169591;
piT3=0.232476636;
piC3=0.198014019;
piA3=0.370327103;
piG3=0.199182243;
piT4=0.239206534;
piC4=0.190198366;
piA4=0.369311552;
piG4=0.201283547;
