rACp=1.3894;
rAGp=5.5461;
rATp=1.3404;
rCGp=1.8458;
rTCp=7.6737;
rTGp=1;
piAp=0.2237;
piCp=0.2666;
piGp=0.3204;
piTp=0.1894;
piT1=0.182033097;
piC1=0.277777778;
piA1=0.221040189;
piG1=0.319148936;
piT2=0.191387560;
piC2=0.263157895;
piA2=0.218899522;
piG2=0.326555024;
piT3=0.184769039;
piC3=0.265917603;
piA3=0.209737828;
piG3=0.339575531;
piT4=0.191797346;
piC4=0.254523522;
piA4=0.225572979;
piG4=0.328106152;
