rACp=1.0988;
rAGp=5.6301;
rATp=0.4435;
rCGp=1.7078;
rTCp=8.7824;
rTGp=1;
piAp=0.25;
piCp=0.25;
piGp=0.25;
piTp=0.25;
piT1=0.281292985;
piC1=0.184319120;
piA1=0.316368638;
piG1=0.218019257;
piT2=0.287769784;
piC2=0.176978417;
piA2=0.325179856;
piG2=0.210071942;
piT3=0.291322314;
piC3=0.179752066;
piA3=0.310606061;
piG3=0.218319559;
piT4=0.288688411;
piC4=0.181818182;
piA4=0.319222762;
piG4=0.210270645;
