rACp=2.6498;
rAGp=13.6496;
rATp=1;
rCGp=2.6498;
rTCp=13.6496;
rTGp=1;
piAp=0.3248;
piCp=0.1676;
piGp=0.2305;
piTp=0.2771;
piT1=0.278186969;
piC1=0.164872521;
piA1=0.326345609;
piG1=0.230594901;
piT2=0.278221209;
piC2=0.164766249;
piA2=0.330102623;
piG2=0.226909920;
piT3=0.279228150;
piC3=0.164585698;
piA3=0.329738933;
piG3=0.226447219;
piT4=0.279976373;
piC4=0.167158890;
piA4=0.329001772;
piG4=0.223862965;
