rACp=2.2515;
rAGp=9.0617;
rATp=1;
rCGp=2.2515;
rTCp=14.8923;
rTGp=1;
piAp=0.25;
piCp=0.25;
piGp=0.25;
piTp=0.25;
piT1=0.277517564;
piC1=0.192037471;
piA1=0.307962529;
piG1=0.222482436;
piT2=0.285799880;
piC2=0.185140803;
piA2=0.309167166;
piG2=0.219892151;
piT3=0.286821705;
piC3=0.185450209;
piA3=0.312462731;
piG3=0.215265355;
piT4=0.282687651;
piC4=0.187651332;
piA4=0.311138015;
piG4=0.218523002;
