rACp=1.4829;
rAGp=4.2769;
rATp=1;
rCGp=1.4829;
rTCp=2.478;
rTGp=1;
piAp=0.2412;
piCp=0.2866;
piGp=0.1569;
piTp=0.3153;
piT1=0.316455696;
piC1=0.278481013;
piA1=0.248945148;
piG1=0.156118143;
piT2=0.315126050;
piC2=0.281512605;
piA2=0.247899160;
piG2=0.155462185;
piT3=0.321951220;
piC3=0.287804878;
piA3=0.239024390;
piG3=0.151219512;
piT4=0.298701299;
piC4=0.285714286;
piA4=0.255411255;
piG4=0.160173160;
