rACp=1;
rAGp=4.3077;
rATp=1.5042;
rCGp=1.5042;
rTCp=4.3077;
rTGp=1;
piAp=0.25;
piCp=0.25;
piGp=0.25;
piTp=0.25;
piT1=0.274647887;
piC1=0.207746479;
piA1=0.309859155;
piG1=0.207746479;
piT2=0.271126761;
piC2=0.211267606;
piA2=0.313380282;
piG2=0.204225352;
piT3=0.262032086;
piC3=0.219251337;
piA3=0.326203209;
piG3=0.192513369;
piT4=0.263345196;
piC4=0.209964413;
piA4=0.295373665;
piG4=0.231316726;
