rACp=0.4512;
rAGp=2.2066;
rATp=0.4512;
rCGp=1;
rTCp=2.2066;
rTGp=1;
piAp=0.2582;
piCp=0.2924;
piGp=0.2946;
piTp=0.1549;
piT1=0.167664671;
piC1=0.287425150;
piA1=0.257485030;
piG1=0.287425150;
piT2=0.155688623;
piC2=0.287425150;
piA2=0.263473054;
piG2=0.293413174;
piT3=0.173652695;
piC3=0.293413174;
piA3=0.251497006;
piG3=0.281437126;
piT4=0.143712575;
piC4=0.311377246;
piA4=0.251497006;
piG4=0.293413174;
