rACp=1;
rAGp=3.0704;
rATp=1;
rCGp=1;
rTCp=3.0704;
rTGp=1;
piAp=0.25;
piCp=0.25;
piGp=0.25;
piTp=0.25;
piT1=0.294117647;
piC1=0.216718266;
piA1=0.244582043;
piG1=0.244582043;
piT2=0.300309598;
piC2=0.216718266;
piA2=0.244582043;
piG2=0.238390093;
piT3=0.320987654;
piC3=0.189300412;
piA3=0.234567901;
piG3=0.255144033;
piT4=0.307453416;
piC4=0.208074534;
piA4=0.251552795;
piG4=0.232919255;
