rACp=1;
rAGp=1.7306;
rATp=1;
rCGp=1;
rTCp=1.7306;
rTGp=1;
piAp=0.3311;
piCp=0.2685;
piGp=0.2238;
piTp=0.1765;
piT1=0.171428571;
piC1=0.269387755;
piA1=0.334693878;
piG1=0.224489796;
piT2=0.171428571;
piC2=0.269387755;
piA2=0.334693878;
piG2=0.224489796;
piT3=0.188940092;
piC3=0.276497696;
piA3=0.308755760;
piG3=0.225806452;
piT4=0.202531646;
piC4=0.253164557;
piA4=0.320675105;
piG4=0.223628692;
