rACp=1;
rAGp=4.5441;
rATp=1;
rCGp=1;
rTCp=4.5441;
rTGp=1;
piAp=0.25;
piCp=0.25;
piGp=0.25;
piTp=0.25;
piT1=0.243542435;
piC1=0.247232472;
piA1=0.254612546;
piG1=0.254612546;
piT2=0.243542435;
piC2=0.250922509;
piA2=0.265682657;
piG2=0.239852399;
piT3=0.247232472;
piC3=0.247232472;
piA3=0.269372694;
piG3=0.236162362;
piT4=0.254612546;
piC4=0.250922509;
piA4=0.261992620;
piG4=0.232472325;
