rACp=1.0112;
rAGp=4.4537;
rATp=1.0797;
rCGp=2.0891;
rTCp=4.4537;
rTGp=1;
piAp=0.25;
piCp=0.25;
piGp=0.25;
piTp=0.25;
piT1=0.254098361;
piC1=0.241803279;
piA1=0.315573770;
piG1=0.188524590;
piT2=0.260780287;
piC2=0.236139630;
piA2=0.314168378;
piG2=0.188911704;
piT3=0.255060729;
piC3=0.263157895;
piA3=0.319838057;
piG3=0.161943320;
piT4=0.245283019;
piC4=0.247379455;
piA4=0.318658281;
piG4=0.188679245;
