rACp=1.3826;
rAGp=3.6786;
rATp=1;
rCGp=1.3826;
rTCp=3.6786;
rTGp=1;
piAp=0.25;
piCp=0.25;
piGp=0.25;
piTp=0.25;
piT1=0.269230769;
piC1=0.157692308;
piA1=0.303846154;
piG1=0.269230769;
piT2=0.273076923;
piC2=0.153846154;
piA2=0.296153846;
piG2=0.276923077;
piT3=0.275555556;
piC3=0.173333333;
piA3=0.271111111;
piG3=0.280000000;
piT4=0.264822134;
piC4=0.177865613;
piA4=0.280632411;
piG4=0.276679842;
