rACp=1;
rAGp=2.0611;
rATp=1;
rCGp=1;
rTCp=2.0611;
rTGp=1;
piAp=0.25;
piCp=0.25;
piGp=0.25;
piTp=0.25;
piT1=0.237704918;
piC1=0.163934426;
piA1=0.282786885;
piG1=0.315573770;
piT2=0.233606557;
piC2=0.168032787;
piA2=0.282786885;
piG2=0.315573770;
piT3=0.248803828;
piC3=0.172248804;
piA3=0.272727273;
piG3=0.306220096;
piT4=0.221311475;
piC4=0.172131148;
piA4=0.290983607;
piG4=0.315573770;
