rACp=1.927;
rAGp=4.3315;
rATp=1;
rCGp=1.927;
rTCp=14.8283;
rTGp=1;
piAp=0.2725;
piCp=0.2196;
piGp=0.3372;
piTp=0.1707;
piT1=0.172413793;
piC1=0.215517241;
piA1=0.284482759;
piG1=0.327586207;
piT2=0.172413793;
piC2=0.215517241;
piA2=0.284482759;
piG2=0.327586207;
piT3=0.190265487;
piC3=0.216814159;
piA3=0.278761062;
piG3=0.314159292;
piT4=0.194570136;
piC4=0.212669683;
piA4=0.280542986;
piG4=0.312217195;
