rACp=1;
rAGp=3.4687;
rATp=1;
rCGp=1;
rTCp=3.4687;
rTGp=1;
piAp=0.25;
piCp=0.25;
piGp=0.25;
piTp=0.25;
piT1=0.316939891;
piC1=0.226775956;
piA1=0.297814208;
piG1=0.158469945;
piT2=0.311475410;
piC2=0.226775956;
piA2=0.303278689;
piG2=0.158469945;
piT3=0.305785124;
piC3=0.231404959;
piA3=0.285123967;
piG3=0.177685950;
piT4=0.311294766;
piC4=0.225895317;
piA4=0.303030303;
piG4=0.159779614;
