rACp=1;
rAGp=3.8853;
rATp=1;
rCGp=1;
rTCp=3.8853;
rTGp=1;
piAp=0.25;
piCp=0.25;
piGp=0.25;
piTp=0.25;
piT1=0.306282723;
piC1=0.196335079;
piA1=0.287958115;
piG1=0.209424084;
piT2=0.320113314;
piC2=0.184135977;
piA2=0.283286119;
piG2=0.212464589;
piT3=0.281938326;
piC3=0.215859031;
piA3=0.268722467;
piG3=0.233480176;
piT4=0.300531915;
piC4=0.220744681;
piA4=0.295212766;
piG4=0.183510638;
