rACp=2.0492;
rAGp=4.6556;
rATp=1;
rCGp=2.0492;
rTCp=4.6556;
rTGp=1;
piAp=0.2460;
piCp=0.2015;
piGp=0.3076;
piTp=0.2449;
piT1=0.247422680;
piC1=0.201030928;
piA1=0.257731959;
piG1=0.293814433;
piT2=0.250000000;
piC2=0.185897436;
piA2=0.217948718;
piG2=0.346153846;
piT3=0.247422680;
piC3=0.206185567;
piA3=0.247422680;
piG3=0.298969072;
piT4=0.244680851;
piC4=0.223404255;
piA4=0.223404255;
piG4=0.308510638;
