rACp=1.6695;
rAGp=3.6724;
rATp=1.6695;
rCGp=1;
rTCp=3.6724;
rTGp=1;
piAp=0.25;
piCp=0.25;
piGp=0.25;
piTp=0.25;
piT1=0.242320819;
piC1=0.242320819;
piA1=0.252559727;
piG1=0.262798635;
piT2=0.242320819;
piC2=0.242320819;
piA2=0.262798635;
piG2=0.252559727;
piT3=0.207627119;
piC3=0.216101695;
piA3=0.305084746;
piG3=0.271186441;
piT4=0.218309859;
piC4=0.253521127;
piA4=0.281690141;
piG4=0.246478873;
