rACp=1;
rAGp=3.5581;
rATp=1;
rCGp=1;
rTCp=2.2089;
rTGp=1;
piAp=0.25;
piCp=0.25;
piGp=0.25;
piTp=0.25;
piT1=0.212121212;
piC1=0.272727273;
piA1=0.278787879;
piG1=0.236363636;
piT2=0.218181818;
piC2=0.272727273;
piA2=0.266666667;
piG2=0.242424242;
piT3=0.224576271;
piC3=0.296610169;
piA3=0.211864407;
piG3=0.266949153;
piT4=0.215625000;
piC4=0.278125000;
piA4=0.259375000;
piG4=0.246875000;
