rACp=1.8079;
rAGp=4.3408;
rATp=1;
rCGp=1.8079;
rTCp=4.3408;
rTGp=1;
piAp=0.25;
piCp=0.25;
piGp=0.25;
piTp=0.25;
piT1=0.304668305;
piC1=0.223587224;
piA1=0.292383292;
piG1=0.179361179;
piT2=0.303430079;
piC2=0.216358839;
piA2=0.308707124;
piG2=0.171503958;
piT3=0.303125000;
piC3=0.212500000;
piA3=0.315625000;
piG3=0.168750000;
piT4=0.293103448;
piC4=0.231527094;
piA4=0.280788177;
piG4=0.194581281;
