rACp=1;
rAGp=3.4875;
rATp=1;
rCGp=1;
rTCp=3.4875;
rTGp=1;
piAp=0.25;
piCp=0.25;
piGp=0.25;
piTp=0.25;
piT1=0.265060241;
piC1=0.222891566;
piA1=0.319277108;
piG1=0.192771084;
piT2=0.277108434;
piC2=0.234939759;
piA2=0.313253012;
piG2=0.174698795;
piT3=0.273291925;
piC3=0.242236025;
piA3=0.291925466;
piG3=0.192546584;
piT4=0.265060241;
piC4=0.246987952;
piA4=0.253012048;
piG4=0.234939759;
