rACp=0.4743;
rAGp=2.0183;
rATp=0.4743;
rCGp=1;
rTCp=2.0183;
rTGp=1;
piAp=0.25;
piCp=0.25;
piGp=0.25;
piTp=0.25;
piT1=0.352941176;
piC1=0.155462185;
piA1=0.336134454;
piG1=0.155462185;
piT2=0.360655738;
piC2=0.155737705;
piA2=0.327868852;
piG2=0.155737705;
piT3=0.389937107;
piC3=0.132075472;
piA3=0.371069182;
piG3=0.106918239;
piT4=0.349794239;
piC4=0.168724280;
piA4=0.320987654;
piG4=0.160493827;
