rACp=1;
rAGp=2.9356;
rATp=1;
rCGp=1;
rTCp=2.9356;
rTGp=1;
piAp=0.25;
piCp=0.25;
piGp=0.25;
piTp=0.25;
piT1=0.282926829;
piC1=0.180487805;
piA1=0.292682927;
piG1=0.243902439;
piT2=0.278048780;
piC2=0.180487805;
piA2=0.287804878;
piG2=0.253658537;
piT3=0.279187817;
piC3=0.192893401;
piA3=0.284263959;
piG3=0.243654822;
piT4=0.273631841;
piC4=0.184079602;
piA4=0.293532338;
piG4=0.248756219;
