rACp=1;
rAGp=3.4304;
rATp=1;
rCGp=1;
rTCp=3.4304;
rTGp=1;
piAp=0.25;
piCp=0.25;
piGp=0.25;
piTp=0.25;
piT1=0.318367347;
piC1=0.244897959;
piA1=0.220408163;
piG1=0.216326531;
piT2=0.322448980;
piC2=0.232653061;
piA2=0.216326531;
piG2=0.228571429;
piT3=0.318367347;
piC3=0.248979592;
piA3=0.224489796;
piG3=0.208163265;
piT4=0.331914894;
piC4=0.259574468;
piA4=0.208510638;
piG4=0.200000000;
