rACp=1;
rAGp=3.2011;
rATp=1;
rCGp=1;
rTCp=3.2011;
rTGp=1;
piAp=0.25;
piCp=0.25;
piGp=0.25;
piTp=0.25;
piT1=0.255555556;
piC1=0.225925926;
piA1=0.248148148;
piG1=0.270370370;
piT2=0.255555556;
piC2=0.225925926;
piA2=0.244444444;
piG2=0.274074074;
piT3=0.259259259;
piC3=0.222222222;
piA3=0.244444444;
piG3=0.274074074;
piT4=0.255555556;
piC4=0.225925926;
piA4=0.244444444;
piG4=0.274074074;
