rACp=0.6067;
rAGp=3.4928;
rATp=1;
rCGp=0.6067;
rTCp=2.0107;
rTGp=1;
piAp=0.25;
piCp=0.25;
piGp=0.25;
piTp=0.25;
piT1=0.273076923;
piC1=0.215384615;
piA1=0.238461538;
piG1=0.273076923;
piT2=0.276923077;
piC2=0.203846154;
piA2=0.238461538;
piG2=0.280769231;
piT3=0.280769231;
piC3=0.200000000;
piA3=0.242307692;
piG3=0.276923077;
piT4=0.284615385;
piC4=0.200000000;
piA4=0.250000000;
piG4=0.265384615;
