rACp=1;
rAGp=3.0937;
rATp=1;
rCGp=1;
rTCp=3.0937;
rTGp=1;
piAp=0.25;
piCp=0.25;
piGp=0.25;
piTp=0.25;
piT1=0.280219780;
piC1=0.307692308;
piA1=0.247252747;
piG1=0.164835165;
piT2=0.291208791;
piC2=0.302197802;
piA2=0.247252747;
piG2=0.159340659;
piT3=0.302197802;
piC3=0.291208791;
piA3=0.247252747;
piG3=0.159340659;
piT4=0.291208791;
piC4=0.302197802;
piA4=0.241758242;
piG4=0.164835165;
