rACp=0.5661;
rAGp=3.1315;
rATp=0.5661;
rCGp=1;
rTCp=3.1315;
rTGp=1;
piAp=0.25;
piCp=0.25;
piGp=0.25;
piTp=0.25;
piT1=0.331730769;
piC1=0.197115385;
piA1=0.283653846;
piG1=0.187500000;
piT2=0.341346154;
piC2=0.187500000;
piA2=0.283653846;
piG2=0.187500000;
piT3=0.326086957;
piC3=0.201086957;
piA3=0.293478261;
piG3=0.179347826;
piT4=0.271186441;
piC4=0.225988701;
piA4=0.293785311;
piG4=0.209039548;
