rACp=1;
rAGp=3.3704;
rATp=1;
rCGp=1;
rTCp=3.3704;
rTGp=1;
piAp=0.25;
piCp=0.25;
piGp=0.25;
piTp=0.25;
piT1=0.241379310;
piC1=0.225705329;
piA1=0.332288401;
piG1=0.200626959;
piT2=0.241379310;
piC2=0.228840125;
piA2=0.316614420;
piG2=0.213166144;
piT3=0.240343348;
piC3=0.244635193;
piA3=0.356223176;
piG3=0.158798283;
piT4=0.235849057;
piC4=0.248427673;
piA4=0.323899371;
piG4=0.191823899;
