rACp=0.8124;
rAGp=4.3895;
rATp=0.5102;
rCGp=2.4735;
rTCp=2.6855;
rTGp=1;
piAp=0.25;
piCp=0.25;
piGp=0.25;
piTp=0.25;
piT1=0.326203209;
piC1=0.221925134;
piA1=0.272727273;
piG1=0.179144385;
piT2=0.323529412;
piC2=0.219251337;
piA2=0.270053476;
piG2=0.187165775;
piT3=0.302439024;
piC3=0.234146341;
piA3=0.243902439;
piG3=0.219512195;
piT4=0.308943089;
piC4=0.227642276;
piA4=0.271002710;
piG4=0.192411924;
