rACp=1;
rAGp=2.6789;
rATp=1;
rCGp=1;
rTCp=5.0743;
rTGp=1;
piAp=0.25;
piCp=0.25;
piGp=0.25;
piTp=0.25;
piT1=0.254826255;
piC1=0.262548263;
piA1=0.223938224;
piG1=0.258687259;
piT2=0.254826255;
piC2=0.262548263;
piA2=0.223938224;
piG2=0.258687259;
piT3=0.258687259;
piC3=0.262548263;
piA3=0.223938224;
piG3=0.254826255;
piT4=0.259689922;
piC4=0.259689922;
piA4=0.224806202;
piG4=0.255813953;
