rACp=1;
rAGp=3.2295;
rATp=1;
rCGp=1;
rTCp=3.2295;
rTGp=1;
piAp=0.25;
piCp=0.25;
piGp=0.25;
piTp=0.25;
piT1=0.197424893;
piC1=0.210300429;
piA1=0.309012876;
piG1=0.283261803;
piT2=0.201716738;
piC2=0.214592275;
piA2=0.317596567;
piG2=0.266094421;
piT3=0.195530726;
piC3=0.229050279;
piA3=0.301675978;
piG3=0.273743017;
piT4=0.231481481;
piC4=0.226851852;
piA4=0.277777778;
piG4=0.263888889;
