rACp=2.2624;
rAGp=5.9203;
rATp=1;
rCGp=2.2624;
rTCp=5.9203;
rTGp=1;
piAp=0.25;
piCp=0.25;
piGp=0.25;
piTp=0.25;
piT1=0.312072893;
piC1=0.214123007;
piA1=0.264236902;
piG1=0.209567198;
piT2=0.316628702;
piC2=0.209567198;
piA2=0.268792711;
piG2=0.205011390;
piT3=0.309248555;
piC3=0.228323699;
piA3=0.234104046;
piG3=0.228323699;
piT4=0.308584687;
piC4=0.211136891;
piA4=0.257540603;
piG4=0.222737819;
