rACp=1;
rAGp=2.7845;
rATp=1;
rCGp=1;
rTCp=7.2415;
rTGp=1;
piAp=0.25;
piCp=0.25;
piGp=0.25;
piTp=0.25;
piT1=0.195744681;
piC1=0.242553191;
piA1=0.268085106;
piG1=0.293617021;
piT2=0.200000000;
piC2=0.242553191;
piA2=0.259574468;
piG2=0.297872340;
piT3=0.200000000;
piC3=0.200000000;
piA3=0.306666667;
piG3=0.293333333;
piT4=0.217021277;
piC4=0.229787234;
piA4=0.263829787;
piG4=0.289361702;
