rACp=1;
rAGp=3.4807;
rATp=1;
rCGp=1;
rTCp=3.4807;
rTGp=1;
piAp=0.25;
piCp=0.25;
piGp=0.25;
piTp=0.25;
piT1=0.243506494;
piC1=0.224025974;
piA1=0.331168831;
piG1=0.201298701;
piT2=0.243506494;
piC2=0.224025974;
piA2=0.331168831;
piG2=0.201298701;
piT3=0.238434164;
piC3=0.231316726;
piA3=0.327402135;
piG3=0.202846975;
piT4=0.222591362;
piC4=0.229235880;
piA4=0.325581395;
piG4=0.222591362;
