rACp=1.6239;
rAGp=3.1518;
rATp=1.6239;
rCGp=1;
rTCp=5.1987;
rTGp=1;
piAp=0.25;
piCp=0.25;
piGp=0.25;
piTp=0.25;
piT1=0.227956989;
piC1=0.251612903;
piA1=0.290322581;
piG1=0.230107527;
piT2=0.230107527;
piC2=0.251612903;
piA2=0.290322581;
piG2=0.227956989;
piT3=0.225641026;
piC3=0.251282051;
piA3=0.292307692;
piG3=0.230769231;
piT4=0.221505376;
piC4=0.255913978;
piA4=0.288172043;
piG4=0.234408602;
