rACp=2.2772;
rAGp=8.6085;
rATp=1;
rCGp=2.2772;
rTCp=3.4656;
rTGp=1;
piAp=0.3382;
piCp=0.1990;
piGp=0.1560;
piTp=0.3067;
piT1=0.308176101;
piC1=0.188679245;
piA1=0.327044025;
piG1=0.176100629;
piT2=0.301886792;
piC2=0.194968553;
piA2=0.339622642;
piG2=0.163522013;
piT3=0.301886792;
piC3=0.194968553;
piA3=0.352201258;
piG3=0.150943396;
piT4=0.301886792;
piC4=0.188679245;
piA4=0.358490566;
piG4=0.150943396;
