rACp=1;
rAGp=3.544;
rATp=1;
rCGp=1;
rTCp=3.544;
rTGp=1;
piAp=0.25;
piCp=0.25;
piGp=0.25;
piTp=0.25;
piT1=0.282548476;
piC1=0.224376731;
piA1=0.271468144;
piG1=0.221606648;
piT2=0.288088643;
piC2=0.229916898;
piA2=0.268698061;
piG2=0.213296399;
piT3=0.291176471;
piC3=0.214705882;
piA3=0.288235294;
piG3=0.205882353;
piT4=0.296398892;
piC4=0.213296399;
piA4=0.279778393;
piG4=0.210526316;
