rACp=1;
rAGp=4.3077;
rATp=1;
rCGp=1;
rTCp=4.3077;
rTGp=1;
piAp=0.25;
piCp=0.25;
piGp=0.25;
piTp=0.25;
piT1=0.242677824;
piC1=0.184100418;
piA1=0.263598326;
piG1=0.309623431;
piT2=0.251046025;
piC2=0.184100418;
piA2=0.246861925;
piG2=0.317991632;
piT3=0.230769231;
piC3=0.192307692;
piA3=0.280219780;
piG3=0.296703297;
piT4=0.244725738;
piC4=0.181434599;
piA4=0.261603376;
piG4=0.312236287;
