rACp=1;
rAGp=2.6575;
rATp=1;
rCGp=1;
rTCp=2.6575;
rTGp=1;
piAp=0.25;
piCp=0.25;
piGp=0.25;
piTp=0.25;
piT1=0.296385542;
piC1=0.149397590;
piA1=0.354216867;
piG1=0.200000000;
piT2=0.298329356;
piC2=0.150357995;
piA2=0.365155131;
piG2=0.186157518;
piT3=0.300309598;
piC3=0.164086687;
piA3=0.352941176;
piG3=0.182662539;
piT4=0.305210918;
piC4=0.151364764;
piA4=0.354838710;
piG4=0.188585608;
