rACp=1;
rAGp=2.996;
rATp=1;
rCGp=1;
rTCp=2.996;
rTGp=1;
piAp=0.25;
piCp=0.25;
piGp=0.25;
piTp=0.25;
piT1=0.223140496;
piC1=0.247933884;
piA1=0.297520661;
piG1=0.231404959;
piT2=0.223140496;
piC2=0.247933884;
piA2=0.297520661;
piG2=0.231404959;
piT3=0.223140496;
piC3=0.247933884;
piA3=0.297520661;
piG3=0.231404959;
piT4=0.223140496;
piC4=0.256198347;
piA4=0.289256198;
piG4=0.231404959;
