rACp=1;
rAGp=3.5621;
rATp=1;
rCGp=1;
rTCp=7.3578;
rTGp=1;
piAp=0.25;
piCp=0.25;
piGp=0.25;
piTp=0.25;
piT1=0.325925926;
piC1=0.218518519;
piA1=0.214814815;
piG1=0.240740741;
piT2=0.329629630;
piC2=0.214814815;
piA2=0.214814815;
piG2=0.240740741;
piT3=0.322222222;
piC3=0.218518519;
piA3=0.218518519;
piG3=0.240740741;
piT4=0.335849057;
piC4=0.211320755;
piA4=0.222641509;
piG4=0.230188679;
