rACp=1;
rAGp=3.3171;
rATp=1;
rCGp=1;
rTCp=3.3171;
rTGp=1;
piAp=0.25;
piCp=0.25;
piGp=0.25;
piTp=0.25;
piT1=0.326388889;
piC1=0.190972222;
piA1=0.267361111;
piG1=0.215277778;
piT2=0.340277778;
piC2=0.170138889;
piA2=0.281250000;
piG2=0.208333333;
piT3=0.358490566;
piC3=0.155660377;
piA3=0.259433962;
piG3=0.226415094;
piT4=0.336917563;
piC4=0.164874552;
piA4=0.268817204;
piG4=0.229390681;
