rACp=1.0692;
rAGp=4.5248;
rATp=0.6917;
rCGp=3.2153;
rTCp=4.5248;
rTGp=1;
piAp=0.25;
piCp=0.25;
piGp=0.25;
piTp=0.25;
piT1=0.252427184;
piC1=0.207119741;
piA1=0.265372168;
piG1=0.275080906;
piT2=0.245954693;
piC2=0.213592233;
piA2=0.262135922;
piG2=0.278317152;
piT3=0.262773723;
piC3=0.200729927;
piA3=0.262773723;
piG3=0.273722628;
piT4=0.246753247;
piC4=0.224025974;
piA4=0.250000000;
piG4=0.279220779;
