rACp=1.1795;
rAGp=4.5235;
rATp=0.4054;
rCGp=2.5457;
rTCp=4.5235;
rTGp=1;
piAp=0.25;
piCp=0.25;
piGp=0.25;
piTp=0.25;
piT1=0.304347826;
piC1=0.193478261;
piA1=0.302173913;
piG1=0.200000000;
piT2=0.300000000;
piC2=0.195652174;
piA2=0.304347826;
piG2=0.200000000;
piT3=0.315340909;
piC3=0.218750000;
piA3=0.306818182;
piG3=0.159090909;
piT4=0.304444444;
piC4=0.193333333;
piA4=0.295555556;
piG4=0.206666667;
