rACp=0.3381;
rAGp=1.939;
rATp=0.3381;
rCGp=1;
rTCp=1.939;
rTGp=1;
piAp=0.25;
piCp=0.25;
piGp=0.25;
piTp=0.25;
piT1=0.251824818;
piC1=0.211678832;
piA1=0.335766423;
piG1=0.200729927;
piT2=0.248175182;
piC2=0.215328467;
piA2=0.339416058;
piG2=0.197080292;
piT3=0.230434783;
piC3=0.213043478;
piA3=0.352173913;
piG3=0.204347826;
piT4=0.249084249;
piC4=0.216117216;
piA4=0.340659341;
piG4=0.194139194;
