rACp=0.3961;
rAGp=2.1019;
rATp=0.3961;
rCGp=1;
rTCp=2.1019;
rTGp=1;
piAp=0.25;
piCp=0.25;
piGp=0.25;
piTp=0.25;
piT1=0.275747508;
piC1=0.239202658;
piA1=0.245847176;
piG1=0.239202658;
piT2=0.275747508;
piC2=0.239202658;
piA2=0.245847176;
piG2=0.239202658;
piT3=0.250936330;
piC3=0.239700375;
piA3=0.265917603;
piG3=0.243445693;
piT4=0.279069767;
piC4=0.239202658;
piA4=0.249169435;
piG4=0.232558140;
