rACp=0.6841;
rAGp=2.9735;
rATp=0.9696;
rCGp=2.0304;
rTCp=2.9735;
rTGp=1;
piAp=0.25;
piCp=0.25;
piGp=0.25;
piTp=0.25;
piT1=0.317829457;
piC1=0.196382429;
piA1=0.289405685;
piG1=0.196382429;
piT2=0.312661499;
piC2=0.198966408;
piA2=0.281653747;
piG2=0.206718346;
piT3=0.316129032;
piC3=0.180645161;
piA3=0.290322581;
piG3=0.212903226;
piT4=0.306493506;
piC4=0.179220779;
piA4=0.293506494;
piG4=0.220779221;
