rACp=1;
rAGp=2.5859;
rATp=1;
rCGp=1;
rTCp=2.5859;
rTGp=1;
piAp=0.25;
piCp=0.25;
piGp=0.25;
piTp=0.25;
piT1=0.252747253;
piC1=0.234432234;
piA1=0.333333333;
piG1=0.179487179;
piT2=0.278388278;
piC2=0.212454212;
piA2=0.333333333;
piG2=0.175824176;
piT3=0.264957265;
piC3=0.196581197;
piA3=0.358974359;
piG3=0.179487179;
piT4=0.256410256;
piC4=0.219780220;
piA4=0.351648352;
piG4=0.172161172;
