rACp=0.4469;
rAGp=1.5615;
rATp=0.4469;
rCGp=1;
rTCp=1.5615;
rTGp=1;
piAp=0.25;
piCp=0.25;
piGp=0.25;
piTp=0.25;
piT1=0.281746032;
piC1=0.222222222;
piA1=0.242063492;
piG1=0.253968254;
piT2=0.281746032;
piC2=0.222222222;
piA2=0.250000000;
piG2=0.246031746;
piT3=0.291304348;
piC3=0.213043478;
piA3=0.239130435;
piG3=0.256521739;
piT4=0.277777778;
piC4=0.222222222;
piA4=0.242063492;
piG4=0.257936508;
