rACp=1;
rAGp=3.5669;
rATp=1;
rCGp=1;
rTCp=3.5669;
rTGp=1;
piAp=0.25;
piCp=0.25;
piGp=0.25;
piTp=0.25;
piT1=0.298507463;
piC1=0.208955224;
piA1=0.293532338;
piG1=0.199004975;
piT2=0.287878788;
piC2=0.232323232;
piA2=0.287878788;
piG2=0.191919192;
piT3=0.325153374;
piC3=0.214723926;
piA3=0.257668712;
piG3=0.202453988;
piT4=0.293532338;
piC4=0.228855721;
piA4=0.283582090;
piG4=0.194029851;
