rACp=1;
rAGp=2.8713;
rATp=1;
rCGp=1;
rTCp=2.8713;
rTGp=1;
piAp=0.25;
piCp=0.25;
piGp=0.25;
piTp=0.25;
piT1=0.276056338;
piC1=0.214084507;
piA1=0.329577465;
piG1=0.180281690;
piT2=0.281690141;
piC2=0.208450704;
piA2=0.332394366;
piG2=0.177464789;
piT3=0.289256198;
piC3=0.223140496;
piA3=0.301652893;
piG3=0.185950413;
piT4=0.279202279;
piC4=0.210826211;
piA4=0.327635328;
piG4=0.182336182;
