rACp=1.7283;
rAGp=4.2285;
rATp=1;
rCGp=1.7283;
rTCp=4.2285;
rTGp=1;
piAp=0.25;
piCp=0.25;
piGp=0.25;
piTp=0.25;
piT1=0.274774775;
piC1=0.189189189;
piA1=0.315315315;
piG1=0.220720721;
piT2=0.274774775;
piC2=0.189189189;
piA2=0.315315315;
piG2=0.220720721;
piT3=0.287878788;
piC3=0.171717172;
piA3=0.328282828;
piG3=0.212121212;
piT4=0.285067873;
piC4=0.190045249;
piA4=0.289592760;
piG4=0.235294118;
