rACp=1;
rAGp=1.9702;
rATp=1;
rCGp=1;
rTCp=3.2836;
rTGp=1;
piAp=0.25;
piCp=0.25;
piGp=0.25;
piTp=0.25;
piT1=0.286274510;
piC1=0.262745098;
piA1=0.223529412;
piG1=0.227450980;
piT2=0.286274510;
piC2=0.262745098;
piA2=0.219607843;
piG2=0.231372549;
piT3=0.284000000;
piC3=0.272000000;
piA3=0.224000000;
piG3=0.220000000;
piT4=0.279527559;
piC4=0.283464567;
piA4=0.212598425;
piG4=0.224409449;
