rACp=1.765;
rAGp=4.161;
rATp=1;
rCGp=1.765;
rTCp=4.161;
rTGp=1;
piAp=0.2548;
piCp=0.1312;
piGp=0.1953;
piTp=0.4187;
piT1=0.416826004;
piC1=0.133843212;
piA1=0.256214149;
piG1=0.193116635;
piT2=0.416826004;
piC2=0.133843212;
piA2=0.252390057;
piG2=0.196940727;
piT3=0.445544554;
piC3=0.113861386;
piA3=0.282178218;
piG3=0.158415842;
piT4=0.405038760;
piC4=0.141472868;
piA4=0.259689922;
piG4=0.193798450;
