rACp=2.2776;
rAGp=4.7359;
rATp=1;
rCGp=2.2776;
rTCp=2.8681;
rTGp=1;
piAp=0.2510;
piCp=0.1497;
piGp=0.1638;
piTp=0.4355;
piT1=0.427419355;
piC1=0.161290323;
piA1=0.250000000;
piG1=0.161290323;
piT2=0.435483871;
piC2=0.149193548;
piA2=0.258064516;
piG2=0.157258065;
piT3=0.443243243;
piC3=0.140540541;
piA3=0.237837838;
piG3=0.178378378;
piT4=0.443548387;
piC4=0.149193548;
piA4=0.250000000;
piG4=0.157258065;
