rACp=1.6336;
rAGp=4.6679;
rATp=1;
rCGp=1.6336;
rTCp=3.1234;
rTGp=1;
piAp=0.25;
piCp=0.25;
piGp=0.25;
piTp=0.25;
piT1=0.236842105;
piC1=0.255060729;
piA1=0.289473684;
piG1=0.218623482;
piT2=0.236842105;
piC2=0.257085020;
piA2=0.283400810;
piG2=0.222672065;
piT3=0.248858447;
piC3=0.257990868;
piA3=0.269406393;
piG3=0.223744292;
piT4=0.237603306;
piC4=0.254132231;
piA4=0.289256198;
piG4=0.219008264;
