rACp=1;
rAGp=3.0862;
rATp=1;
rCGp=1;
rTCp=3.0862;
rTGp=1;
piAp=0.2960;
piCp=0.1792;
piGp=0.3085;
piTp=0.2163;
piT1=0.216216216;
piC1=0.180180180;
piA1=0.297297297;
piG1=0.306306306;
piT2=0.216216216;
piC2=0.180180180;
piA2=0.297297297;
piG2=0.306306306;
piT3=0.243243243;
piC3=0.162162162;
piA3=0.297297297;
piG3=0.297297297;
piT4=0.233009709;
piC4=0.174757282;
piA4=0.339805825;
piG4=0.252427184;
