rACp=1;
rAGp=3.4122;
rATp=1;
rCGp=1;
rTCp=3.4122;
rTGp=1;
piAp=0.25;
piCp=0.25;
piGp=0.25;
piTp=0.25;
piT1=0.250000000;
piC1=0.182692308;
piA1=0.339743590;
piG1=0.227564103;
piT2=0.257234727;
piC2=0.186495177;
piA2=0.324758842;
piG2=0.231511254;
piT3=0.258899676;
piC3=0.184466019;
piA3=0.339805825;
piG3=0.216828479;
piT4=0.270967742;
piC4=0.177419355;
piA4=0.319354839;
piG4=0.232258065;
