rACp=0.3688;
rAGp=2.5269;
rATp=0.8851;
rCGp=2.1962;
rTCp=4.8231;
rTGp=1;
piAp=0.25;
piCp=0.25;
piGp=0.25;
piTp=0.25;
piT1=0.237373737;
piC1=0.191919192;
piA1=0.292929293;
piG1=0.277777778;
piT2=0.247474747;
piC2=0.181818182;
piA2=0.292929293;
piG2=0.277777778;
piT3=0.242424242;
piC3=0.186868687;
piA3=0.292929293;
piG3=0.277777778;
piT4=0.253086420;
piC4=0.179012346;
piA4=0.296296296;
piG4=0.271604938;
