rACp=0.9164;
rAGp=2.477;
rATp=0.6532;
rCGp=1.504;
rTCp=2.477;
rTGp=1;
piAp=0.25;
piCp=0.25;
piGp=0.25;
piTp=0.25;
piT1=0.337526205;
piC1=0.188679245;
piA1=0.274633124;
piG1=0.199161426;
piT2=0.329140461;
piC2=0.186582809;
piA2=0.278825996;
piG2=0.205450734;
piT3=0.303977273;
piC3=0.193181818;
piA3=0.272727273;
piG3=0.230113636;
piT4=0.286041190;
piC4=0.224256293;
piA4=0.265446224;
piG4=0.224256293;
