rACp=1;
rAGp=4.255;
rATp=1;
rCGp=1;
rTCp=4.255;
rTGp=1;
piAp=0.25;
piCp=0.25;
piGp=0.25;
piTp=0.25;
piT1=0.294429708;
piC1=0.196286472;
piA1=0.254641910;
piG1=0.254641910;
piT2=0.291777188;
piC2=0.198938992;
piA2=0.254641910;
piG2=0.254641910;
piT3=0.273722628;
piC3=0.204379562;
piA3=0.266423358;
piG3=0.255474453;
piT4=0.294429708;
piC4=0.198938992;
piA4=0.254641910;
piG4=0.251989390;
