rACp=1;
rAGp=4.0059;
rATp=1;
rCGp=1;
rTCp=4.0059;
rTGp=1;
piAp=0.25;
piCp=0.25;
piGp=0.25;
piTp=0.25;
piT1=0.219730942;
piC1=0.264573991;
piA1=0.237668161;
piG1=0.278026906;
piT2=0.219730942;
piC2=0.264573991;
piA2=0.237668161;
piG2=0.278026906;
piT3=0.241545894;
piC3=0.236714976;
piA3=0.251207729;
piG3=0.270531401;
piT4=0.236363636;
piC4=0.268181818;
piA4=0.236363636;
piG4=0.259090909;
