rACp=1;
rAGp=4.8263;
rATp=2.1323;
rCGp=2.1323;
rTCp=4.8263;
rTGp=1;
piAp=0.25;
piCp=0.25;
piGp=0.25;
piTp=0.25;
piT1=0.210526316;
piC1=0.236842105;
piA1=0.302631579;
piG1=0.250000000;
piT2=0.201298701;
piC2=0.240259740;
piA2=0.298701299;
piG2=0.259740260;
piT3=0.180555556;
piC3=0.250000000;
piA3=0.305555556;
piG3=0.263888889;
piT4=0.213114754;
piC4=0.237704918;
piA4=0.286885246;
piG4=0.262295082;
