rACp=0.5467;
rAGp=2.8145;
rATp=0.5467;
rCGp=1;
rTCp=2.8145;
rTGp=1;
piAp=0.25;
piCp=0.25;
piGp=0.25;
piTp=0.25;
piT1=0.289532294;
piC1=0.242761693;
piA1=0.231625835;
piG1=0.236080178;
piT2=0.304878049;
piC2=0.231707317;
piA2=0.226829268;
piG2=0.236585366;
piT3=0.292011019;
piC3=0.234159780;
piA3=0.217630854;
piG3=0.256198347;
piT4=0.287305122;
piC4=0.244988864;
piA4=0.229398664;
piG4=0.238307350;
