rACp=1;
rAGp=3.3643;
rATp=1;
rCGp=1;
rTCp=6.2253;
rTGp=1;
piAp=0.25;
piCp=0.25;
piGp=0.25;
piTp=0.25;
piT1=0.238410596;
piC1=0.251655629;
piA1=0.231788079;
piG1=0.278145695;
piT2=0.231788079;
piC2=0.251655629;
piA2=0.251655629;
piG2=0.264900662;
piT3=0.250000000;
piC3=0.256944444;
piA3=0.236111111;
piG3=0.256944444;
piT4=0.236111111;
piC4=0.263888889;
piA4=0.243055556;
piG4=0.256944444;
