rACp=1;
rAGp=1.0397;
rATp=1;
rCGp=1;
rTCp=4.4839;
rTGp=1;
piAp=0.25;
piCp=0.25;
piGp=0.25;
piTp=0.25;
piT1=0.272727273;
piC1=0.261363636;
piA1=0.215909091;
piG1=0.250000000;
piT2=0.272727273;
piC2=0.261363636;
piA2=0.215909091;
piG2=0.250000000;
piT3=0.261363636;
piC3=0.261363636;
piA3=0.227272727;
piG3=0.250000000;
piT4=0.250000000;
piC4=0.261363636;
piA4=0.238636364;
piG4=0.250000000;
