rACp=1;
rAGp=4.053;
rATp=1.5433;
rCGp=1.5433;
rTCp=4.053;
rTGp=1;
piAp=0.25;
piCp=0.25;
piGp=0.25;
piTp=0.25;
piT1=0.273504274;
piC1=0.213675214;
piA1=0.239316239;
piG1=0.273504274;
piT2=0.262108262;
piC2=0.222222222;
piA2=0.245014245;
piG2=0.270655271;
piT3=0.242187500;
piC3=0.238281250;
piA3=0.230468750;
piG3=0.289062500;
piT4=0.259259259;
piC4=0.222222222;
piA4=0.239316239;
piG4=0.279202279;
