rACp=2.064;
rAGp=5.1722;
rATp=1;
rCGp=2.064;
rTCp=5.1722;
rTGp=1;
piAp=0.25;
piCp=0.25;
piGp=0.25;
piTp=0.25;
piT1=0.264705882;
piC1=0.248366013;
piA1=0.316993464;
piG1=0.169934641;
piT2=0.264705882;
piC2=0.245098039;
piA2=0.320261438;
piG2=0.169934641;
piT3=0.271523179;
piC3=0.238410596;
piA3=0.314569536;
piG3=0.175496689;
piT4=0.261437908;
piC4=0.241830065;
piA4=0.300653595;
piG4=0.196078431;
