rACp=0.6068;
rAGp=3.4413;
rATp=1;
rCGp=0.6068;
rTCp=1.7627;
rTGp=1;
piAp=0.25;
piCp=0.25;
piGp=0.25;
piTp=0.25;
piT1=0.200000000;
piC1=0.182857143;
piA1=0.342857143;
piG1=0.274285714;
piT2=0.200000000;
piC2=0.182857143;
piA2=0.348571429;
piG2=0.268571429;
piT3=0.211428571;
piC3=0.177142857;
piA3=0.365714286;
piG3=0.245714286;
piT4=0.205714286;
piC4=0.177142857;
piA4=0.354285714;
piG4=0.262857143;
