rACp=1;
rAGp=4.992;
rATp=1;
rCGp=1;
rTCp=1.6966;
rTGp=1;
piAp=0.25;
piCp=0.25;
piGp=0.25;
piTp=0.25;
piT1=0.301470588;
piC1=0.132352941;
piA1=0.345588235;
piG1=0.220588235;
piT2=0.301470588;
piC2=0.132352941;
piA2=0.345588235;
piG2=0.220588235;
piT3=0.316176471;
piC3=0.132352941;
piA3=0.345588235;
piG3=0.205882353;
piT4=0.275590551;
piC4=0.149606299;
piA4=0.362204724;
piG4=0.212598425;
