rACp=3.2662;
rAGp=2.9774;
rATp=1;
rCGp=3.2662;
rTCp=8.2445;
rTGp=1;
piAp=0.25;
piCp=0.25;
piGp=0.25;
piTp=0.25;
piT1=0.315384615;
piC1=0.276923077;
piA1=0.161538462;
piG1=0.246153846;
piT2=0.307692308;
piC2=0.284615385;
piA2=0.161538462;
piG2=0.246153846;
piT3=0.314516129;
piC3=0.258064516;
piA3=0.169354839;
piG3=0.258064516;
piT4=0.317073171;
piC4=0.268292683;
piA4=0.146341463;
piG4=0.268292683;
