rACp=0.7223;
rAGp=2.6485;
rATp=0.7223;
rCGp=1;
rTCp=2.6485;
rTGp=1;
piAp=0.25;
piCp=0.25;
piGp=0.25;
piTp=0.25;
piT1=0.286852590;
piC1=0.231075697;
piA1=0.284860558;
piG1=0.197211155;
piT2=0.292828685;
piC2=0.231075697;
piA2=0.278884462;
piG2=0.197211155;
piT3=0.324909747;
piC3=0.256317690;
piA3=0.249097473;
piG3=0.169675090;
piT4=0.285714286;
piC4=0.240165631;
piA4=0.273291925;
piG4=0.200828157;
