rACp=0.6073;
rAGp=3.1271;
rATp=0.6073;
rCGp=1;
rTCp=3.1271;
rTGp=1;
piAp=0.25;
piCp=0.25;
piGp=0.25;
piTp=0.25;
piT1=0.295039164;
piC1=0.281984334;
piA1=0.206266319;
piG1=0.216710183;
piT2=0.276762402;
piC2=0.297650131;
piA2=0.206266319;
piG2=0.219321149;
piT3=0.266447368;
piC3=0.292763158;
piA3=0.203947368;
piG3=0.236842105;
piT4=0.286501377;
piC4=0.269972452;
piA4=0.217630854;
piG4=0.225895317;
