rACp=1.7143;
rAGp=3.3387;
rATp=1;
rCGp=1.7143;
rTCp=5.5682;
rTGp=1;
piAp=0.25;
piCp=0.25;
piGp=0.25;
piTp=0.25;
piT1=0.294392523;
piC1=0.224299065;
piA1=0.275700935;
piG1=0.205607477;
piT2=0.300925926;
piC2=0.222222222;
piA2=0.277777778;
piG2=0.199074074;
piT3=0.300925926;
piC3=0.222222222;
piA3=0.277777778;
piG3=0.199074074;
piT4=0.287037037;
piC4=0.240740741;
piA4=0.268518519;
piG4=0.203703704;
