rACp=2.4602;
rAGp=5.8028;
rATp=1;
rCGp=2.4602;
rTCp=5.8028;
rTGp=1;
piAp=0.25;
piCp=0.25;
piGp=0.25;
piTp=0.25;
piT1=0.289772727;
piC1=0.190340909;
piA1=0.303977273;
piG1=0.215909091;
piT2=0.289772727;
piC2=0.190340909;
piA2=0.301136364;
piG2=0.218750000;
piT3=0.303370787;
piC3=0.183520599;
piA3=0.284644195;
piG3=0.228464419;
piT4=0.289772727;
piC4=0.196022727;
piA4=0.292613636;
piG4=0.221590909;
