rACp=0.565;
rAGp=3.5158;
rATp=0.565;
rCGp=1;
rTCp=3.5158;
rTGp=1;
piAp=0.25;
piCp=0.25;
piGp=0.25;
piTp=0.25;
piT1=0.287109375;
piC1=0.226562500;
piA1=0.267578125;
piG1=0.218750000;
piT2=0.289062500;
piC2=0.222656250;
piA2=0.263671875;
piG2=0.224609375;
piT3=0.323770492;
piC3=0.209016393;
piA3=0.266393443;
piG3=0.200819672;
piT4=0.291585127;
piC4=0.207436399;
piA4=0.268101761;
piG4=0.232876712;
