rACp=1;
rAGp=2.0891;
rATp=1;
rCGp=1;
rTCp=2.0891;
rTGp=1;
piAp=0.25;
piCp=0.25;
piGp=0.25;
piTp=0.25;
piT1=0.220689655;
piC1=0.275862069;
piA1=0.282758621;
piG1=0.220689655;
piT2=0.214814815;
piC2=0.281481481;
piA2=0.303703704;
piG2=0.200000000;
piT3=0.234482759;
piC3=0.268965517;
piA3=0.275862069;
piG3=0.220689655;
piT4=0.234482759;
piC4=0.275862069;
piA4=0.268965517;
piG4=0.220689655;
