rACp=1.066;
rAGp=2.5383;
rATp=0.4031;
rCGp=2.1047;
rTCp=2.5383;
rTGp=1;
piAp=0.25;
piCp=0.25;
piGp=0.25;
piTp=0.25;
piT1=0.246648794;
piC1=0.190348525;
piA1=0.348525469;
piG1=0.214477212;
piT2=0.246648794;
piC2=0.190348525;
piA2=0.353887399;
piG2=0.209115282;
piT3=0.249291785;
piC3=0.201133144;
piA3=0.345609065;
piG3=0.203966006;
piT4=0.241095890;
piC4=0.202739726;
piA4=0.334246575;
piG4=0.221917808;
