rACp=2.0497;
rAGp=7.0544;
rATp=1;
rCGp=2.0497;
rTCp=7.0544;
rTGp=1;
piAp=0.25;
piCp=0.25;
piGp=0.25;
piTp=0.25;
piT1=0.314814815;
piC1=0.177777778;
piA1=0.303703704;
piG1=0.203703704;
piT2=0.314814815;
piC2=0.174074074;
piA2=0.311111111;
piG2=0.200000000;
piT3=0.345454545;
piC3=0.193939394;
piA3=0.242424242;
piG3=0.218181818;
piT4=0.311111111;
piC4=0.185185185;
piA4=0.314814815;
piG4=0.188888889;
