rACp=1;
rAGp=4.719;
rATp=1;
rCGp=1;
rTCp=2.8965;
rTGp=1;
piAp=0.1964;
piCp=0.4033;
piGp=0.2242;
piTp=0.1761;
piT1=0.181347150;
piC1=0.396373057;
piA1=0.199481865;
piG1=0.222797927;
piT2=0.181347150;
piC2=0.393782383;
piA2=0.196891192;
piG2=0.227979275;
piT3=0.158959538;
piC3=0.427745665;
piA3=0.199421965;
piG3=0.213872832;
piT4=0.180371353;
piC4=0.413793103;
piA4=0.198938992;
piG4=0.206896552;
