rACp=1.6997;
rAGp=4.7205;
rATp=1;
rCGp=1.6997;
rTCp=4.7205;
rTGp=1;
piAp=0.25;
piCp=0.25;
piGp=0.25;
piTp=0.25;
piT1=0.292604502;
piC1=0.221864952;
piA1=0.331189711;
piG1=0.154340836;
piT2=0.302250804;
piC2=0.215434084;
piA2=0.321543408;
piG2=0.160771704;
piT3=0.279411765;
piC3=0.227941176;
piA3=0.330882353;
piG3=0.161764706;
piT4=0.279742765;
piC4=0.241157556;
piA4=0.308681672;
piG4=0.170418006;
