rACp=1.8506;
rAGp=6.0296;
rATp=1;
rCGp=1.8506;
rTCp=6.0296;
rTGp=1;
piAp=0.25;
piCp=0.25;
piGp=0.25;
piTp=0.25;
piT1=0.293948127;
piC1=0.233429395;
piA1=0.273775216;
piG1=0.198847262;
piT2=0.293948127;
piC2=0.227665706;
piA2=0.282420749;
piG2=0.195965418;
piT3=0.295154185;
piC3=0.215859031;
piA3=0.281938326;
piG3=0.207048458;
piT4=0.280864198;
piC4=0.253086420;
piA4=0.277777778;
piG4=0.188271605;
