rACp=1;
rAGp=2.7374;
rATp=1;
rCGp=1;
rTCp=2.7374;
rTGp=1;
piAp=0.3349;
piCp=0.1463;
piGp=0.2966;
piTp=0.2222;
piT1=0.225352113;
piC1=0.145539906;
piA1=0.338028169;
piG1=0.291079812;
piT2=0.225352113;
piC2=0.145539906;
piA2=0.338028169;
piG2=0.291079812;
piT3=0.225352113;
piC3=0.150234742;
piA3=0.328638498;
piG3=0.295774648;
piT4=0.220657277;
piC4=0.150234742;
piA4=0.328638498;
piG4=0.300469484;
