rACp=1.4149;
rAGp=4.025;
rATp=1;
rCGp=1.4149;
rTCp=4.025;
rTGp=1;
piAp=0.25;
piCp=0.25;
piGp=0.25;
piTp=0.25;
piT1=0.264150943;
piC1=0.199161426;
piA1=0.329140461;
piG1=0.207547170;
piT2=0.266247379;
piC2=0.188679245;
piA2=0.329140461;
piG2=0.215932914;
piT3=0.261538462;
piC3=0.187179487;
piA3=0.312820513;
piG3=0.238461538;
piT4=0.285714286;
piC4=0.186813187;
piA4=0.316483516;
piG4=0.210989011;
