rACp=2.7146;
rAGp=4.9367;
rATp=1;
rCGp=2.7146;
rTCp=4.9367;
rTGp=1;
piAp=0.25;
piCp=0.25;
piGp=0.25;
piTp=0.25;
piT1=0.243055556;
piC1=0.277777778;
piA1=0.243055556;
piG1=0.236111111;
piT2=0.239583333;
piC2=0.281250000;
piA2=0.250000000;
piG2=0.229166667;
piT3=0.248226950;
piC3=0.283687943;
piA3=0.241134752;
piG3=0.226950355;
piT4=0.232638889;
piC4=0.288194444;
piA4=0.236111111;
piG4=0.243055556;
