rACp=0.6675;
rAGp=2.6473;
rATp=0.6675;
rCGp=1;
rTCp=2.6473;
rTGp=1;
piAp=0.25;
piCp=0.25;
piGp=0.25;
piTp=0.25;
piT1=0.290322581;
piC1=0.196236559;
piA1=0.327956989;
piG1=0.185483871;
piT2=0.282258065;
piC2=0.198924731;
piA2=0.322580645;
piG2=0.196236559;
piT3=0.264084507;
piC3=0.197183099;
piA3=0.323943662;
piG3=0.214788732;
piT4=0.284946237;
piC4=0.198924731;
piA4=0.333333333;
piG4=0.182795699;
