rACp=2.1571;
rAGp=6.4295;
rATp=1;
rCGp=2.1571;
rTCp=4.0024;
rTGp=1;
piAp=0.25;
piCp=0.25;
piGp=0.25;
piTp=0.25;
piT1=0.262729124;
piC1=0.242362525;
piA1=0.299389002;
piG1=0.195519348;
piT2=0.262729124;
piC2=0.242362525;
piA2=0.295315682;
piG2=0.199592668;
piT3=0.230769231;
piC3=0.281065089;
piA3=0.307692308;
piG3=0.180473373;
piT4=0.268839104;
piC4=0.238289206;
piA4=0.283095723;
piG4=0.209775967;
