rACp=0.5706;
rAGp=2.1576;
rATp=0.5706;
rCGp=1;
rTCp=2.1576;
rTGp=1;
piAp=0.25;
piCp=0.25;
piGp=0.25;
piTp=0.25;
piT1=0.226277372;
piC1=0.275547445;
piA1=0.259124088;
piG1=0.239051095;
piT2=0.226277372;
piC2=0.275547445;
piA2=0.262773723;
piG2=0.235401460;
piT3=0.206521739;
piC3=0.298913043;
piA3=0.258152174;
piG3=0.236413043;
piT4=0.231827112;
piC4=0.267190570;
piA4=0.257367387;
piG4=0.243614931;
