rACp=0.9793;
rAGp=3.2418;
rATp=0.5252;
rCGp=2.9855;
rTCp=3.2418;
rTGp=1;
piAp=0.2786;
piCp=0.1782;
piGp=0.3057;
piTp=0.2374;
piT1=0.235807860;
piC1=0.179039301;
piA1=0.283842795;
piG1=0.301310044;
piT2=0.235807860;
piC2=0.174672489;
piA2=0.283842795;
piG2=0.305676856;
piT3=0.235807860;
piC3=0.179039301;
piA3=0.288209607;
piG3=0.296943231;
piT4=0.227074236;
piC4=0.179039301;
piA4=0.275109170;
piG4=0.318777293;
