rACp=0.7521;
rAGp=2.7491;
rATp=0.3259;
rCGp=2.2496;
rTCp=2.7491;
rTGp=1;
piAp=0.3230;
piCp=0.1579;
piGp=0.1603;
piTp=0.3588;
piT1=0.354523227;
piC1=0.158924205;
piA1=0.327628362;
piG1=0.158924205;
piT2=0.356968215;
piC2=0.158924205;
piA2=0.325183374;
piG2=0.158924205;
piT3=0.344155844;
piC3=0.168831169;
piA3=0.327922078;
piG3=0.159090909;
piT4=0.352078240;
piC4=0.163814181;
piA4=0.327628362;
piG4=0.156479218;
