rACp=0.8032;
rAGp=3.4492;
rATp=0.9642;
rCGp=1.8697;
rTCp=3.4492;
rTGp=1;
piAp=0.25;
piCp=0.25;
piGp=0.25;
piTp=0.25;
piT1=0.281524927;
piC1=0.214076246;
piA1=0.246334311;
piG1=0.258064516;
piT2=0.290322581;
piC2=0.205278592;
piA2=0.252199413;
piG2=0.252199413;
piT3=0.284246575;
piC3=0.215753425;
piA3=0.246575342;
piG3=0.253424658;
piT4=0.284457478;
piC4=0.214076246;
piA4=0.240469208;
piG4=0.260997067;
