rACp=1.7986;
rAGp=5.3494;
rATp=1;
rCGp=1.7986;
rTCp=5.3494;
rTGp=1;
piAp=0.25;
piCp=0.25;
piGp=0.25;
piTp=0.25;
piT1=0.257142857;
piC1=0.288311688;
piA1=0.275324675;
piG1=0.179220779;
piT2=0.262337662;
piC2=0.283116883;
piA2=0.283116883;
piG2=0.171428571;
piT3=0.261096606;
piC3=0.284595300;
piA3=0.281984334;
piG3=0.172323760;
piT4=0.255874674;
piC4=0.284595300;
piA4=0.281984334;
piG4=0.177545692;
