rACp=1;
rAGp=4.3049;
rATp=1.4643;
rCGp=1.4643;
rTCp=4.3049;
rTGp=1;
piAp=0.25;
piCp=0.25;
piGp=0.25;
piTp=0.25;
piT1=0.267015707;
piC1=0.204188482;
piA1=0.316753927;
piG1=0.212041885;
piT2=0.277922078;
piC2=0.200000000;
piA2=0.322077922;
piG2=0.200000000;
piT3=0.262686567;
piC3=0.208955224;
piA3=0.316417910;
piG3=0.211940299;
piT4=0.272251309;
piC4=0.191099476;
piA4=0.337696335;
piG4=0.198952880;
