rACp=3.7585;
rAGp=8.4677;
rATp=1;
rCGp=3.7585;
rTCp=8.4677;
rTGp=1;
piAp=0.25;
piCp=0.25;
piGp=0.25;
piTp=0.25;
piT1=0.263819095;
piC1=0.211055276;
piA1=0.276381910;
piG1=0.248743719;
piT2=0.267813268;
piC2=0.203931204;
piA2=0.280098280;
piG2=0.248157248;
piT3=0.263843648;
piC3=0.205211726;
piA3=0.276872964;
piG3=0.254071661;
piT4=0.270270270;
piC4=0.208845209;
piA4=0.272727273;
piG4=0.248157248;
