rACp=1;
rAGp=3.0342;
rATp=1;
rCGp=1;
rTCp=4.3156;
rTGp=1;
piAp=0.25;
piCp=0.25;
piGp=0.25;
piTp=0.25;
piT1=0.408239700;
piC1=0.172284644;
piA1=0.247191011;
piG1=0.172284644;
piT2=0.382899628;
piC2=0.178438662;
piA2=0.267657993;
piG2=0.171003717;
piT3=0.370370370;
piC3=0.177777778;
piA3=0.229629630;
piG3=0.222222222;
piT4=0.371747212;
piC4=0.189591078;
piA4=0.278810409;
piG4=0.159851301;
