rACp=1;
rAGp=3.4429;
rATp=1;
rCGp=1;
rTCp=3.4429;
rTGp=1;
piAp=0.2356;
piCp=0.1889;
piGp=0.2422;
piTp=0.3332;
piT1=0.338815789;
piC1=0.184210526;
piA1=0.240131579;
piG1=0.236842105;
piT2=0.345394737;
piC2=0.177631579;
piA2=0.236842105;
piG2=0.240131579;
piT3=0.339843750;
piC3=0.203125000;
piA3=0.222656250;
piG3=0.234375000;
piT4=0.359060403;
piC4=0.171140940;
piA4=0.228187919;
piG4=0.241610738;
