rACp=1.9948;
rAGp=4.0889;
rATp=1;
rCGp=1.9948;
rTCp=4.0889;
rTGp=1;
piAp=0.25;
piCp=0.25;
piGp=0.25;
piTp=0.25;
piT1=0.299270073;
piC1=0.180048662;
piA1=0.343065693;
piG1=0.177615572;
piT2=0.299270073;
piC2=0.177615572;
piA2=0.350364964;
piG2=0.172749392;
piT3=0.283636364;
piC3=0.181818182;
piA3=0.363636364;
piG3=0.170909091;
piT4=0.289215686;
piC4=0.178921569;
piA4=0.343137255;
piG4=0.188725490;
