rACp=0.9863;
rAGp=7.4836;
rATp=1.4472;
rCGp=0.5547;
rTCp=2.4546;
rTGp=1;
piAp=0.1402;
piCp=0.3404;
piGp=0.2336;
piTp=0.2858;
piT1=0.297247706;
piC1=0.343119266;
piA1=0.130275229;
piG1=0.229357798;
piT2=0.294642857;
piC2=0.337500000;
piA2=0.148214286;
piG2=0.219642857;
piT3=0.285310734;
piC3=0.341807910;
piA3=0.152542373;
piG3=0.220338983;
piT4=0.321691176;
piC4=0.295955882;
piA4=0.163602941;
piG4=0.218750000;
