rACp=1;
rAGp=4.5045;
rATp=1;
rCGp=1;
rTCp=2.657;
rTGp=1;
piAp=0.25;
piCp=0.25;
piGp=0.25;
piTp=0.25;
piT1=0.247457627;
piC1=0.193220339;
piA1=0.366101695;
piG1=0.193220339;
piT2=0.250847458;
piC2=0.193220339;
piA2=0.366101695;
piG2=0.189830508;
piT3=0.243243243;
piC3=0.175675676;
piA3=0.378378378;
piG3=0.202702703;
piT4=0.240677966;
piC4=0.193220339;
piA4=0.372881356;
piG4=0.193220339;
