rACp=0.5944;
rAGp=2.0751;
rATp=0.5944;
rCGp=1;
rTCp=2.0751;
rTGp=1;
piAp=0.25;
piCp=0.25;
piGp=0.25;
piTp=0.25;
piT1=0.282392027;
piC1=0.252491694;
piA1=0.259136213;
piG1=0.205980066;
piT2=0.281456954;
piC2=0.248344371;
piA2=0.261589404;
piG2=0.208609272;
piT3=0.268211921;
piC3=0.268211921;
piA3=0.235099338;
piG3=0.228476821;
piT4=0.262975779;
piC4=0.266435986;
piA4=0.231833910;
piG4=0.238754325;
