rACp=1;
rAGp=2.5729;
rATp=1;
rCGp=1;
rTCp=4.154;
rTGp=1;
piAp=0.25;
piCp=0.25;
piGp=0.25;
piTp=0.25;
piT1=0.291784703;
piC1=0.192634561;
piA1=0.277620397;
piG1=0.237960340;
piT2=0.298245614;
piC2=0.192982456;
piA2=0.280701754;
piG2=0.228070175;
piT3=0.298245614;
piC3=0.207017544;
piA3=0.245614035;
piG3=0.249122807;
piT4=0.274336283;
piC4=0.212389381;
piA4=0.286135693;
piG4=0.227138643;
