rACp=1.6648;
rAGp=4.727;
rATp=1;
rCGp=1.6648;
rTCp=4.727;
rTGp=1;
piAp=0.25;
piCp=0.25;
piGp=0.25;
piTp=0.25;
piT1=0.192307692;
piC1=0.230769231;
piA1=0.298076923;
piG1=0.278846154;
piT2=0.197115385;
piC2=0.216346154;
piA2=0.298076923;
piG2=0.288461538;
piT3=0.197115385;
piC3=0.206730769;
piA3=0.298076923;
piG3=0.298076923;
piT4=0.199029126;
piC4=0.233009709;
piA4=0.271844660;
piG4=0.296116505;
