rACp=1;
rAGp=2.2308;
rATp=1;
rCGp=1;
rTCp=2.2308;
rTGp=1;
piAp=0.25;
piCp=0.25;
piGp=0.25;
piTp=0.25;
piT1=0.355555556;
piC1=0.274074074;
piA1=0.229629630;
piG1=0.140740741;
piT2=0.355555556;
piC2=0.274074074;
piA2=0.229629630;
piG2=0.140740741;
piT3=0.355371901;
piC3=0.256198347;
piA3=0.239669421;
piG3=0.148760331;
piT4=0.362962963;
piC4=0.266666667;
piA4=0.229629630;
piG4=0.140740741;
