rACp=0.5397;
rAGp=2.4823;
rATp=1;
rCGp=0.5397;
rTCp=1.6441;
rTGp=1;
piAp=0.25;
piCp=0.25;
piGp=0.25;
piTp=0.25;
piT1=0.305147059;
piC1=0.246323529;
piA1=0.213235294;
piG1=0.235294118;
piT2=0.300366300;
piC2=0.252747253;
piA2=0.212454212;
piG2=0.234432234;
piT3=0.292372881;
piC3=0.241525424;
piA3=0.224576271;
piG3=0.241525424;
piT4=0.311355311;
piC4=0.241758242;
piA4=0.216117216;
piG4=0.230769231;
