rACp=1;
rAGp=2.47;
rATp=1;
rCGp=1;
rTCp=3.3401;
rTGp=1;
piAp=0.25;
piCp=0.25;
piGp=0.25;
piTp=0.25;
piT1=0.354430380;
piC1=0.174683544;
piA1=0.268354430;
piG1=0.202531646;
piT2=0.362025316;
piC2=0.169620253;
piA2=0.260759494;
piG2=0.207594937;
piT3=0.374558304;
piC3=0.190812721;
piA3=0.243816254;
piG3=0.190812721;
piT4=0.363157895;
piC4=0.181578947;
piA4=0.271052632;
piG4=0.184210526;
