rACp=0.553;
rAGp=2.5849;
rATp=0.553;
rCGp=1;
rTCp=2.5849;
rTGp=1;
piAp=0.25;
piCp=0.25;
piGp=0.25;
piTp=0.25;
piT1=0.271226415;
piC1=0.212264151;
piA1=0.318396226;
piG1=0.198113208;
piT2=0.271226415;
piC2=0.209905660;
piA2=0.316037736;
piG2=0.202830189;
piT3=0.279503106;
piC3=0.223602484;
piA3=0.285714286;
piG3=0.211180124;
piT4=0.271226415;
piC4=0.212264151;
piA4=0.311320755;
piG4=0.205188679;
