rACp=0.7622;
rAGp=4.1891;
rATp=0.6747;
rCGp=2.8078;
rTCp=4.1891;
rTGp=1;
piAp=0.3187;
piCp=0.2280;
piGp=0.1677;
piTp=0.2855;
piT1=0.287109375;
piC1=0.226562500;
piA1=0.322265625;
piG1=0.164062500;
piT2=0.287109375;
piC2=0.224609375;
piA2=0.324218750;
piG2=0.164062500;
piT3=0.268072289;
piC3=0.256024096;
piA3=0.319277108;
piG3=0.156626506;
piT4=0.283203125;
piC4=0.226562500;
piA4=0.328125000;
piG4=0.162109375;
