rACp=1;
rAGp=2.5171;
rATp=1;
rCGp=1;
rTCp=2.5171;
rTGp=1;
piAp=0.3219;
piCp=0.2158;
piGp=0.3196;
piTp=0.1427;
piT1=0.149193548;
piC1=0.217741935;
piA1=0.318548387;
piG1=0.314516129;
piT2=0.149193548;
piC2=0.217741935;
piA2=0.314516129;
piG2=0.318548387;
piT3=0.146341463;
piC3=0.211382114;
piA3=0.308943089;
piG3=0.333333333;
piT4=0.149193548;
piC4=0.217741935;
piA4=0.306451613;
piG4=0.326612903;
