rACp=0.4936;
rAGp=3.0826;
rATp=0.9644;
rCGp=1.8489;
rTCp=3.0826;
rTGp=1;
piAp=0.25;
piCp=0.25;
piGp=0.25;
piTp=0.25;
piT1=0.211640212;
piC1=0.216931217;
piA1=0.306878307;
piG1=0.264550265;
piT2=0.211640212;
piC2=0.222222222;
piA2=0.296296296;
piG2=0.269841270;
piT3=0.223404255;
piC3=0.207446809;
piA3=0.313829787;
piG3=0.255319149;
piT4=0.202127660;
piC4=0.228723404;
piA4=0.308510638;
piG4=0.260638298;
