rACp=0.6652;
rAGp=2.9269;
rATp=0.6652;
rCGp=1;
rTCp=2.9269;
rTGp=1;
piAp=0.25;
piCp=0.25;
piGp=0.25;
piTp=0.25;
piT1=0.240143369;
piC1=0.268817204;
piA1=0.293906810;
piG1=0.197132616;
piT2=0.247311828;
piC2=0.261648746;
piA2=0.293906810;
piG2=0.197132616;
piT3=0.230188679;
piC3=0.264150943;
piA3=0.298113208;
piG3=0.207547170;
piT4=0.215328467;
piC4=0.277372263;
piA4=0.259124088;
piG4=0.248175182;
