rACp=1.5258;
rAGp=5.4337;
rATp=1.5258;
rCGp=1;
rTCp=5.4337;
rTGp=1;
piAp=0.1527;
piCp=0.3549;
piGp=0.2442;
piTp=0.2481;
piT1=0.242424242;
piC1=0.363636364;
piA1=0.151515152;
piG1=0.242424242;
piT2=0.251082251;
piC2=0.354978355;
piA2=0.142857143;
piG2=0.251082251;
piT3=0.242424242;
piC3=0.363636364;
piA3=0.146464646;
piG3=0.247474747;
piT4=0.264044944;
piC4=0.325842697;
piA4=0.179775281;
piG4=0.230337079;
