rACp=0.5453;
rAGp=2.5591;
rATp=0.5453;
rCGp=1;
rTCp=3.8083;
rTGp=1;
piAp=0.25;
piCp=0.25;
piGp=0.25;
piTp=0.25;
piT1=0.334928230;
piC1=0.220095694;
piA1=0.251196172;
piG1=0.193779904;
piT2=0.339712919;
piC2=0.215311005;
piA2=0.253588517;
piG2=0.191387560;
piT3=0.328358209;
piC3=0.208955224;
piA3=0.259701493;
piG3=0.202985075;
piT4=0.330120482;
piC4=0.214457831;
piA4=0.253012048;
piG4=0.202409639;
