rACp=1;
rAGp=3.5106;
rATp=1;
rCGp=1;
rTCp=3.5106;
rTGp=1;
piAp=0.25;
piCp=0.25;
piGp=0.25;
piTp=0.25;
piT1=0.303964758;
piC1=0.233480176;
piA1=0.185022026;
piG1=0.277533040;
piT2=0.330396476;
piC2=0.215859031;
piA2=0.176211454;
piG2=0.277533040;
piT3=0.316513761;
piC3=0.206422018;
piA3=0.188073394;
piG3=0.288990826;
piT4=0.313084112;
piC4=0.210280374;
piA4=0.182242991;
piG4=0.294392523;
