rACp=1.0115;
rAGp=2.5599;
rATp=0.5491;
rCGp=1.9175;
rTCp=2.5599;
rTGp=1;
piAp=0.3197;
piCp=0.2088;
piGp=0.1820;
piTp=0.2895;
piT1=0.284237726;
piC1=0.214470284;
piA1=0.325581395;
piG1=0.175710594;
piT2=0.289405685;
piC2=0.209302326;
piA2=0.317829457;
piG2=0.183462532;
piT3=0.271255061;
piC3=0.242914980;
piA3=0.291497976;
piG3=0.194331984;
piT4=0.300429185;
piC4=0.240343348;
piA4=0.244635193;
piG4=0.214592275;
