rACp=1;
rAGp=4.1971;
rATp=1;
rCGp=1;
rTCp=2.0069;
rTGp=1;
piAp=0.25;
piCp=0.25;
piGp=0.25;
piTp=0.25;
piT1=0.231843575;
piC1=0.220670391;
piA1=0.337988827;
piG1=0.209497207;
piT2=0.231843575;
piC2=0.223463687;
piA2=0.337988827;
piG2=0.206703911;
piT3=0.240000000;
piC3=0.217142857;
piA3=0.337142857;
piG3=0.205714286;
piT4=0.240223464;
piC4=0.220670391;
piA4=0.321229050;
piG4=0.217877095;
