rACp=0.7116;
rAGp=3.6791;
rATp=0.7116;
rCGp=1;
rTCp=3.6791;
rTGp=1;
piAp=0.25;
piCp=0.25;
piGp=0.25;
piTp=0.25;
piT1=0.263598326;
piC1=0.209205021;
piA1=0.276150628;
piG1=0.251046025;
piT2=0.269874477;
piC2=0.205020921;
piA2=0.278242678;
piG2=0.246861925;
piT3=0.298561151;
piC3=0.230215827;
piA3=0.237410072;
piG3=0.233812950;
piT4=0.256410256;
piC4=0.213675214;
piA4=0.271367521;
piG4=0.258547009;
