rACp=1;
rAGp=1.2973;
rATp=0.5067;
rCGp=0.5067;
rTCp=1.2973;
rTGp=1;
piAp=0.2751;
piCp=0.1796;
piGp=0.1895;
piTp=0.3557;
piT1=0.350000000;
piC1=0.182142857;
piA1=0.275000000;
piG1=0.192857143;
piT2=0.348754448;
piC2=0.181494662;
piA2=0.274021352;
piG2=0.195729537;
piT3=0.375586854;
piC3=0.154929577;
piA3=0.272300469;
piG3=0.197183099;
piT4=0.360975610;
piC4=0.175609756;
piA4=0.287804878;
piG4=0.175609756;
