rACp=1.4818;
rAGp=4.5089;
rATp=1;
rCGp=1.4818;
rTCp=4.5089;
rTGp=1;
piAp=0.25;
piCp=0.25;
piGp=0.25;
piTp=0.25;
piT1=0.298924731;
piC1=0.217204301;
piA1=0.292473118;
piG1=0.191397849;
piT2=0.301075269;
piC2=0.217204301;
piA2=0.290322581;
piG2=0.191397849;
piT3=0.326153846;
piC3=0.218461538;
piA3=0.270769231;
piG3=0.184615385;
piT4=0.292473118;
piC4=0.223655914;
piA4=0.286021505;
piG4=0.197849462;
