rACp=1;
rAGp=3.3471;
rATp=1;
rCGp=1;
rTCp=3.3471;
rTGp=1;
piAp=0.25;
piCp=0.25;
piGp=0.25;
piTp=0.25;
piT1=0.308357349;
piC1=0.170028818;
piA1=0.296829971;
piG1=0.224783862;
piT2=0.302593660;
piC2=0.172910663;
piA2=0.299711816;
piG2=0.224783862;
piT3=0.309963100;
piC3=0.147601476;
piA3=0.291512915;
piG3=0.250922509;
piT4=0.300578035;
piC4=0.170520231;
piA4=0.297687861;
piG4=0.231213873;
