rACp=0.5354;
rAGp=2.7878;
rATp=0.5354;
rCGp=1;
rTCp=2.7878;
rTGp=1;
piAp=0.25;
piCp=0.25;
piGp=0.25;
piTp=0.25;
piT1=0.244000000;
piC1=0.228000000;
piA1=0.244000000;
piG1=0.284000000;
piT2=0.252000000;
piC2=0.224000000;
piA2=0.252000000;
piG2=0.272000000;
piT3=0.267942584;
piC3=0.210526316;
piA3=0.248803828;
piG3=0.272727273;
piT4=0.275720165;
piC4=0.209876543;
piA4=0.259259259;
piG4=0.255144033;
