rACp=1;
rAGp=8.6181;
rATp=1.7556;
rCGp=1.7556;
rTCp=4.47;
rTGp=1;
piAp=0.25;
piCp=0.25;
piGp=0.25;
piTp=0.25;
piT1=0.278350515;
piC1=0.237113402;
piA1=0.285223368;
piG1=0.199312715;
piT2=0.278350515;
piC2=0.237113402;
piA2=0.288659794;
piG2=0.195876289;
piT3=0.257510730;
piC3=0.231759657;
piA3=0.296137339;
piG3=0.214592275;
piT4=0.280276817;
piC4=0.235294118;
piA4=0.280276817;
piG4=0.204152249;
