rACp=0.6154;
rAGp=3.1652;
rATp=0.6154;
rCGp=1;
rTCp=3.1652;
rTGp=1;
piAp=0.25;
piCp=0.25;
piGp=0.25;
piTp=0.25;
piT1=0.262222222;
piC1=0.248888889;
piA1=0.235555556;
piG1=0.253333333;
piT2=0.262222222;
piC2=0.257777778;
piA2=0.226666667;
piG2=0.253333333;
piT3=0.243902439;
piC3=0.263414634;
piA3=0.229268293;
piG3=0.263414634;
piT4=0.262222222;
piC4=0.257777778;
piA4=0.213333333;
piG4=0.266666667;
