rACp=0.5841;
rAGp=1.8644;
rATp=0.5841;
rCGp=1;
rTCp=1.8644;
rTGp=1;
piAp=0.25;
piCp=0.25;
piGp=0.25;
piTp=0.25;
piT1=0.295180723;
piC1=0.156626506;
piA1=0.289156627;
piG1=0.259036145;
piT2=0.301204819;
piC2=0.150602410;
piA2=0.289156627;
piG2=0.259036145;
piT3=0.301204819;
piC3=0.138554217;
piA3=0.295180723;
piG3=0.265060241;
piT4=0.284848485;
piC4=0.157575758;
piA4=0.284848485;
piG4=0.272727273;
