rACp=0.5611;
rAGp=2.6358;
rATp=0.5611;
rCGp=1;
rTCp=2.6358;
rTGp=1;
piAp=0.25;
piCp=0.25;
piGp=0.25;
piTp=0.25;
piT1=0.247967480;
piC1=0.207317073;
piA1=0.300813008;
piG1=0.243902439;
piT2=0.252032520;
piC2=0.203252033;
piA2=0.304878049;
piG2=0.239837398;
piT3=0.264248705;
piC3=0.238341969;
piA3=0.290155440;
piG3=0.207253886;
piT4=0.220657277;
piC4=0.234741784;
piA4=0.262910798;
piG4=0.281690141;
