rACp=0.5613;
rAGp=3.1136;
rATp=0.5613;
rCGp=1;
rTCp=3.1136;
rTGp=1;
piAp=0.25;
piCp=0.25;
piGp=0.25;
piTp=0.25;
piT1=0.297435897;
piC1=0.225641026;
piA1=0.256410256;
piG1=0.220512821;
piT2=0.302564103;
piC2=0.220512821;
piA2=0.256410256;
piG2=0.220512821;
piT3=0.297435897;
piC3=0.225641026;
piA3=0.256410256;
piG3=0.220512821;
piT4=0.307692308;
piC4=0.210256410;
piA4=0.251282051;
piG4=0.230769231;
