rACp=1.6168;
rAGp=3.8403;
rATp=1;
rCGp=1.6168;
rTCp=3.8403;
rTGp=1;
piAp=0.2927;
piCp=0.2053;
piGp=0.1676;
piTp=0.3344;
piT1=0.331018519;
piC1=0.208333333;
piA1=0.291666667;
piG1=0.168981481;
piT2=0.333333333;
piC2=0.206018519;
piA2=0.293981481;
piG2=0.166666667;
piT3=0.328530259;
piC3=0.201729107;
piA3=0.296829971;
piG3=0.172910663;
piT4=0.336426914;
piC4=0.199535963;
piA4=0.292343387;
piG4=0.171693735;
