rACp=1;
rAGp=2.9853;
rATp=1;
rCGp=1;
rTCp=2.9853;
rTGp=1;
piAp=0.25;
piCp=0.25;
piGp=0.25;
piTp=0.25;
piT1=0.293986637;
piC1=0.200445434;
piA1=0.309576837;
piG1=0.195991091;
piT2=0.291666667;
piC2=0.190789474;
piA2=0.317982456;
piG2=0.199561404;
piT3=0.303030303;
piC3=0.193939394;
piA3=0.309090909;
piG3=0.193939394;
piT4=0.291028446;
piC4=0.188183807;
piA4=0.328227571;
piG4=0.192560175;
