rACp=0.6238;
rAGp=2.6428;
rATp=0.6238;
rCGp=1;
rTCp=2.6428;
rTGp=1;
piAp=0.25;
piCp=0.25;
piGp=0.25;
piTp=0.25;
piT1=0.247933884;
piC1=0.250688705;
piA1=0.283746556;
piG1=0.217630854;
piT2=0.247933884;
piC2=0.250688705;
piA2=0.286501377;
piG2=0.214876033;
piT3=0.236607143;
piC3=0.312500000;
piA3=0.241071429;
piG3=0.209821429;
piT4=0.237569061;
piC4=0.254143646;
piA4=0.281767956;
piG4=0.226519337;
