rACp=1;
rAGp=4.2724;
rATp=1;
rCGp=1;
rTCp=4.2724;
rTGp=1;
piAp=0.25;
piCp=0.25;
piGp=0.25;
piTp=0.25;
piT1=0.278996865;
piC1=0.194357367;
piA1=0.291536050;
piG1=0.235109718;
piT2=0.285266458;
piC2=0.194357367;
piA2=0.291536050;
piG2=0.228840125;
piT3=0.281021898;
piC3=0.211678832;
piA3=0.273722628;
piG3=0.233576642;
piT4=0.269230769;
piC4=0.214743590;
piA4=0.288461538;
piG4=0.227564103;
