rACp=1;
rAGp=2.9115;
rATp=1;
rCGp=1;
rTCp=2.9115;
rTGp=1;
piAp=0.25;
piCp=0.25;
piGp=0.25;
piTp=0.25;
piT1=0.310734463;
piC1=0.262711864;
piA1=0.262711864;
piG1=0.163841808;
piT2=0.313559322;
piC2=0.262711864;
piA2=0.259887006;
piG2=0.163841808;
piT3=0.314606742;
piC3=0.277153558;
piA3=0.250936330;
piG3=0.157303371;
piT4=0.310734463;
piC4=0.271186441;
piA4=0.245762712;
piG4=0.172316384;
