rACp=1;
rAGp=5.1456;
rATp=1;
rCGp=1;
rTCp=5.1456;
rTGp=1;
piAp=0.1989;
piCp=0.2437;
piGp=0.3544;
piTp=0.2030;
piT1=0.213017751;
piC1=0.230769231;
piA1=0.221893491;
piG1=0.334319527;
piT2=0.208955224;
piC2=0.238805970;
piA2=0.205970149;
piG2=0.346268657;
piT3=0.221830986;
piC3=0.214788732;
piA3=0.221830986;
piG3=0.341549296;
piT4=0.203030303;
piC4=0.248484848;
piA4=0.212121212;
piG4=0.336363636;
