rACp=1.8579;
rAGp=3.0872;
rATp=1;
rCGp=1.8579;
rTCp=6.3271;
rTGp=1;
piAp=0.25;
piCp=0.25;
piGp=0.25;
piTp=0.25;
piT1=0.297709924;
piC1=0.259541985;
piA1=0.236641221;
piG1=0.206106870;
piT2=0.293893130;
piC2=0.255725191;
piA2=0.244274809;
piG2=0.206106870;
piT3=0.298850575;
piC3=0.249042146;
piA3=0.241379310;
piG3=0.210727969;
piT4=0.296153846;
piC4=0.257692308;
piA4=0.253846154;
piG4=0.192307692;
