rACp=1;
rAGp=3.4038;
rATp=1;
rCGp=1;
rTCp=3.4038;
rTGp=1;
piAp=0.25;
piCp=0.25;
piGp=0.25;
piTp=0.25;
piT1=0.297752809;
piC1=0.162921348;
piA1=0.292134831;
piG1=0.247191011;
piT2=0.297752809;
piC2=0.162921348;
piA2=0.297752809;
piG2=0.241573034;
piT3=0.293785311;
piC3=0.163841808;
piA3=0.305084746;
piG3=0.237288136;
piT4=0.312500000;
piC4=0.147727273;
piA4=0.306818182;
piG4=0.232954545;
