rACp=1.5216;
rAGp=4.3786;
rATp=1;
rCGp=1.5216;
rTCp=4.3786;
rTGp=1;
piAp=0.25;
piCp=0.25;
piGp=0.25;
piTp=0.25;
piT1=0.312638581;
piC1=0.201773836;
piA1=0.303769401;
piG1=0.181818182;
piT2=0.310421286;
piC2=0.201773836;
piA2=0.303769401;
piG2=0.184035477;
piT3=0.340298507;
piC3=0.208955224;
piA3=0.268656716;
piG3=0.182089552;
piT4=0.310421286;
piC4=0.203991131;
piA4=0.301552106;
piG4=0.184035477;
