rACp=1;
rAGp=1.722;
rATp=1;
rCGp=1;
rTCp=2.8887;
rTGp=1;
piAp=0.25;
piCp=0.25;
piGp=0.25;
piTp=0.25;
piT1=0.244680851;
piC1=0.248226950;
piA1=0.248226950;
piG1=0.258865248;
piT2=0.244680851;
piC2=0.248226950;
piA2=0.248226950;
piG2=0.258865248;
piT3=0.231759657;
piC3=0.274678112;
piA3=0.240343348;
piG3=0.253218884;
piT4=0.241007194;
piC4=0.262589928;
piA4=0.244604317;
piG4=0.251798561;
