rACp=1;
rAGp=3.7074;
rATp=1;
rCGp=1;
rTCp=3.7074;
rTGp=1;
piAp=0.25;
piCp=0.25;
piGp=0.25;
piTp=0.25;
piT1=0.251308901;
piC1=0.282722513;
piA1=0.209424084;
piG1=0.256544503;
piT2=0.265625000;
piC2=0.270833333;
piA2=0.203125000;
piG2=0.260416667;
piT3=0.256544503;
piC3=0.293193717;
piA3=0.225130890;
piG3=0.225130890;
piT4=0.239130435;
piC4=0.288043478;
piA4=0.228260870;
piG4=0.244565217;
