rACp=2.4516;
rAGp=5.9094;
rATp=2.4516;
rCGp=1;
rTCp=5.9094;
rTGp=1;
piAp=0.25;
piCp=0.25;
piGp=0.25;
piTp=0.25;
piT1=0.198581560;
piC1=0.319148936;
piA1=0.283687943;
piG1=0.198581560;
piT2=0.212765957;
piC2=0.312056738;
piA2=0.276595745;
piG2=0.198581560;
piT3=0.219858156;
piC3=0.297872340;
piA3=0.276595745;
piG3=0.205673759;
piT4=0.226950355;
piC4=0.290780142;
piA4=0.269503546;
piG4=0.212765957;
