rACp=0.6431;
rAGp=3.1601;
rATp=0.6431;
rCGp=1;
rTCp=3.1601;
rTGp=1;
piAp=0.25;
piCp=0.25;
piGp=0.25;
piTp=0.25;
piT1=0.252212389;
piC1=0.267699115;
piA1=0.252212389;
piG1=0.227876106;
piT2=0.254424779;
piC2=0.265486726;
piA2=0.252212389;
piG2=0.227876106;
piT3=0.262467192;
piC3=0.259842520;
piA3=0.257217848;
piG3=0.220472441;
piT4=0.254424779;
piC4=0.269911504;
piA4=0.256637168;
piG4=0.219026549;
