rACp=0.9099;
rAGp=4.8085;
rATp=1.1074;
rCGp=2.7638;
rTCp=4.8085;
rTGp=1;
piAp=0.25;
piCp=0.25;
piGp=0.25;
piTp=0.25;
piT1=0.298994975;
piC1=0.206030151;
piA1=0.321608040;
piG1=0.173366834;
piT2=0.296482412;
piC2=0.208542714;
piA2=0.324120603;
piG2=0.170854271;
piT3=0.276729560;
piC3=0.229559748;
piA3=0.292452830;
piG3=0.201257862;
piT4=0.286432161;
piC4=0.218592965;
piA4=0.314070352;
piG4=0.180904523;
