rACp=0.6277;
rAGp=2.2537;
rATp=0.6277;
rCGp=1;
rTCp=4.3341;
rTGp=1;
piAp=0.25;
piCp=0.25;
piGp=0.25;
piTp=0.25;
piT1=0.197860963;
piC1=0.315508021;
piA1=0.203208556;
piG1=0.283422460;
piT2=0.224598930;
piC2=0.283422460;
piA2=0.219251337;
piG2=0.272727273;
piT3=0.219780220;
piC3=0.291208791;
piA3=0.241758242;
piG3=0.247252747;
piT4=0.278074866;
piC4=0.256684492;
piA4=0.213903743;
piG4=0.251336898;
