rACp=1;
rAGp=7.2875;
rATp=2.4781;
rCGp=2.4781;
rTCp=7.2875;
rTGp=1;
piAp=0.25;
piCp=0.25;
piGp=0.25;
piTp=0.25;
piT1=0.303703704;
piC1=0.233333333;
piA1=0.255555556;
piG1=0.207407407;
piT2=0.303703704;
piC2=0.233333333;
piA2=0.255555556;
piG2=0.207407407;
piT3=0.304687500;
piC3=0.218750000;
piA3=0.265625000;
piG3=0.210937500;
piT4=0.333333333;
piC4=0.211111111;
piA4=0.244444444;
piG4=0.211111111;
