rACp=1.6084;
rAGp=3.7532;
rATp=1.6084;
rCGp=1;
rTCp=3.7532;
rTGp=1;
piAp=0.3203;
piCp=0.2043;
piGp=0.2954;
piTp=0.1800;
piT1=0.188059701;
piC1=0.205970149;
piA1=0.307462687;
piG1=0.298507463;
piT2=0.177325581;
piC2=0.197674419;
piA2=0.328488372;
piG2=0.296511628;
piT3=0.174418605;
piC3=0.203488372;
piA3=0.337209302;
piG3=0.284883721;
piT4=0.180232558;
piC4=0.200581395;
piA4=0.337209302;
piG4=0.281976744;
