rACp=1;
rAGp=2.6346;
rATp=1;
rCGp=1;
rTCp=4.0559;
rTGp=1;
piAp=0.25;
piCp=0.25;
piGp=0.25;
piTp=0.25;
piT1=0.289772727;
piC1=0.235795455;
piA1=0.286931818;
piG1=0.187500000;
piT2=0.289772727;
piC2=0.230113636;
piA2=0.298295455;
piG2=0.181818182;
piT3=0.319078947;
piC3=0.246710526;
piA3=0.250000000;
piG3=0.184210526;
piT4=0.298850575;
piC4=0.252873563;
piA4=0.261494253;
piG4=0.186781609;
