rACp=1;
rAGp=3.3157;
rATp=1;
rCGp=1;
rTCp=4.6713;
rTGp=1;
piAp=0.25;
piCp=0.25;
piGp=0.25;
piTp=0.25;
piT1=0.311435523;
piC1=0.233576642;
piA1=0.253041363;
piG1=0.201946472;
piT2=0.318627451;
piC2=0.227941176;
piA2=0.247549020;
piG2=0.205882353;
piT3=0.288951841;
piC3=0.263456091;
piA3=0.232294618;
piG3=0.215297450;
piT4=0.309045226;
piC4=0.236180905;
piA4=0.248743719;
piG4=0.206030151;
