rACp=1;
rAGp=3.0105;
rATp=1;
rCGp=1;
rTCp=3.0105;
rTGp=1;
piAp=0.25;
piCp=0.25;
piGp=0.25;
piTp=0.25;
piT1=0.311764706;
piC1=0.188235294;
piA1=0.335294118;
piG1=0.164705882;
piT2=0.311764706;
piC2=0.188235294;
piA2=0.335294118;
piG2=0.164705882;
piT3=0.305882353;
piC3=0.194117647;
piA3=0.335294118;
piG3=0.164705882;
piT4=0.317647059;
piC4=0.176470588;
piA4=0.341176471;
piG4=0.164705882;
