rACp=1;
rAGp=2.1211;
rATp=1;
rCGp=1;
rTCp=2.1211;
rTGp=1;
piAp=0.25;
piCp=0.25;
piGp=0.25;
piTp=0.25;
piT1=0.312796209;
piC1=0.161137441;
piA1=0.312796209;
piG1=0.213270142;
piT2=0.312796209;
piC2=0.161137441;
piA2=0.312796209;
piG2=0.213270142;
piT3=0.328282828;
piC3=0.156565657;
piA3=0.287878788;
piG3=0.227272727;
piT4=0.327014218;
piC4=0.161137441;
piA4=0.293838863;
piG4=0.218009479;
