rACp=0.6597;
rAGp=2.6333;
rATp=1;
rCGp=0.6597;
rTCp=2.6333;
rTGp=1;
piAp=0.3244;
piCp=0.2389;
piGp=0.2115;
piTp=0.2252;
piT1=0.227513228;
piC1=0.232804233;
piA1=0.322751323;
piG1=0.216931217;
piT2=0.234042553;
piC2=0.223404255;
piA2=0.329787234;
piG2=0.212765957;
piT3=0.225563910;
piC3=0.187969925;
piA3=0.353383459;
piG3=0.233082707;
piT4=0.213872832;
piC4=0.231213873;
piA4=0.341040462;
piG4=0.213872832;
