rACp=1.2573;
rAGp=4.0222;
rATp=0.6802;
rCGp=2.8873;
rTCp=4.0222;
rTGp=1;
piAp=0.3083;
piCp=0.1971;
piGp=0.1743;
piTp=0.3203;
piT1=0.317391304;
piC1=0.202173913;
piA1=0.308695652;
piG1=0.171739130;
piT2=0.317391304;
piC2=0.200000000;
piA2=0.308695652;
piG2=0.173913043;
piT3=0.312252964;
piC3=0.229249012;
piA3=0.284584980;
piG3=0.173913043;
piT4=0.319565217;
piC4=0.202173913;
piA4=0.306521739;
piG4=0.171739130;
