rACp=1.6424;
rAGp=3.746;
rATp=1;
rCGp=1.6424;
rTCp=3.746;
rTGp=1;
piAp=0.25;
piCp=0.25;
piGp=0.25;
piTp=0.25;
piT1=0.327380952;
piC1=0.244047619;
piA1=0.255952381;
piG1=0.172619048;
piT2=0.321428571;
piC2=0.244047619;
piA2=0.261904762;
piG2=0.172619048;
piT3=0.296969697;
piC3=0.169696970;
piA3=0.266666667;
piG3=0.266666667;
piT4=0.297101449;
piC4=0.188405797;
piA4=0.275362319;
piG4=0.239130435;
