rACp=1;
rAGp=3.5543;
rATp=1;
rCGp=1;
rTCp=6.6075;
rTGp=1;
piAp=0.25;
piCp=0.25;
piGp=0.25;
piTp=0.25;
piT1=0.283687943;
piC1=0.226950355;
piA1=0.234042553;
piG1=0.255319149;
piT2=0.303703704;
piC2=0.214814815;
piA2=0.214814815;
piG2=0.266666667;
piT3=0.317829457;
piC3=0.217054264;
piA3=0.193798450;
piG3=0.271317829;
piT4=0.279069767;
piC4=0.224806202;
piA4=0.178294574;
piG4=0.317829457;
