rACp=1.7462;
rAGp=4.9998;
rATp=1;
rCGp=1.7462;
rTCp=4.9998;
rTGp=1;
piAp=0.25;
piCp=0.25;
piGp=0.25;
piTp=0.25;
piT1=0.284237726;
piC1=0.198966408;
piA1=0.330749354;
piG1=0.186046512;
piT2=0.281653747;
piC2=0.193798450;
piA2=0.330749354;
piG2=0.193798450;
piT3=0.318840580;
piC3=0.183574879;
piA3=0.285024155;
piG3=0.212560386;
piT4=0.285714286;
piC4=0.222222222;
piA4=0.301587302;
piG4=0.190476190;
