rACp=1;
rAGp=3.1459;
rATp=1;
rCGp=1;
rTCp=3.1459;
rTGp=1;
piAp=0.25;
piCp=0.25;
piGp=0.25;
piTp=0.25;
piT1=0.324110672;
piC1=0.185770751;
piA1=0.296442688;
piG1=0.193675889;
piT2=0.326086957;
piC2=0.183794466;
piA2=0.296442688;
piG2=0.193675889;
piT3=0.331058020;
piC3=0.170648464;
piA3=0.293515358;
piG3=0.204778157;
piT4=0.320158103;
piC4=0.185770751;
piA4=0.298418972;
piG4=0.195652174;
