rACp=1;
rAGp=2.7468;
rATp=1;
rCGp=1;
rTCp=6.014;
rTGp=1;
piAp=0.25;
piCp=0.25;
piGp=0.25;
piTp=0.25;
piT1=0.300353357;
piC1=0.222614841;
piA1=0.229681979;
piG1=0.247349823;
piT2=0.300353357;
piC2=0.222614841;
piA2=0.229681979;
piG2=0.247349823;
piT3=0.300395257;
piC3=0.213438735;
piA3=0.237154150;
piG3=0.249011858;
piT4=0.287769784;
piC4=0.233812950;
piA4=0.230215827;
piG4=0.248201439;
