rACp=1;
rAGp=5.8306;
rATp=2.089;
rCGp=2.089;
rTCp=5.8306;
rTGp=1;
piAp=0.25;
piCp=0.25;
piGp=0.25;
piTp=0.25;
piT1=0.262135922;
piC1=0.233009709;
piA1=0.255663430;
piG1=0.249190939;
piT2=0.265372168;
piC2=0.229773463;
piA2=0.252427184;
piG2=0.252427184;
piT3=0.314685315;
piC3=0.202797203;
piA3=0.216783217;
piG3=0.265734266;
piT4=0.265372168;
piC4=0.236245955;
piA4=0.249190939;
piG4=0.249190939;
