rACp=1.0017;
rAGp=3.2328;
rATp=0.5458;
rCGp=3.7163;
rTCp=3.2328;
rTGp=1;
piAp=0.25;
piCp=0.25;
piGp=0.25;
piTp=0.25;
piT1=0.311320755;
piC1=0.240566038;
piA1=0.259433962;
piG1=0.188679245;
piT2=0.311320755;
piC2=0.240566038;
piA2=0.250000000;
piG2=0.198113208;
piT3=0.306603774;
piC3=0.245283019;
piA3=0.264150943;
piG3=0.183962264;
piT4=0.274881517;
piC4=0.274881517;
piA4=0.236966825;
piG4=0.213270142;
