rACp=0.739;
rAGp=8.4653;
rATp=0.847;
rCGp=3.2683;
rTCp=5.4294;
rTGp=1;
piAp=0.25;
piCp=0.25;
piGp=0.25;
piTp=0.25;
piT1=0.237804878;
piC1=0.310975610;
piA1=0.213414634;
piG1=0.237804878;
piT2=0.268292683;
piC2=0.286585366;
piA2=0.274390244;
piG2=0.170731707;
piT3=0.305194805;
piC3=0.266233766;
piA3=0.272727273;
piG3=0.155844156;
piT4=0.286585366;
piC4=0.274390244;
piA4=0.274390244;
piG4=0.164634146;
