rACp=1;
rAGp=2.7822;
rATp=1;
rCGp=1;
rTCp=2.7822;
rTGp=1;
piAp=0.3334;
piCp=0.1775;
piGp=0.3365;
piTp=0.1526;
piT1=0.149484536;
piC1=0.180412371;
piA1=0.340206186;
piG1=0.329896907;
piT2=0.149484536;
piC2=0.180412371;
piA2=0.335051546;
piG2=0.335051546;
piT3=0.160621762;
piC3=0.181347150;
piA3=0.321243523;
piG3=0.336787565;
piT4=0.149484536;
piC4=0.185567010;
piA4=0.314432990;
piG4=0.350515464;
