rACp=0.5426;
rAGp=3.1105;
rATp=1;
rCGp=0.5426;
rTCp=3.1105;
rTGp=1;
piAp=0.25;
piCp=0.25;
piGp=0.25;
piTp=0.25;
piT1=0.288659794;
piC1=0.216494845;
piA1=0.257731959;
piG1=0.237113402;
piT2=0.293814433;
piC2=0.216494845;
piA2=0.252577320;
piG2=0.237113402;
piT3=0.298969072;
piC3=0.201030928;
piA3=0.262886598;
piG3=0.237113402;
piT4=0.288659794;
piC4=0.201030928;
piA4=0.252577320;
piG4=0.257731959;
