rACp=1.8798;
rAGp=5.5382;
rATp=1;
rCGp=1.8798;
rTCp=5.5382;
rTGp=1;
piAp=0.25;
piCp=0.25;
piGp=0.25;
piTp=0.25;
piT1=0.228169014;
piC1=0.247887324;
piA1=0.228169014;
piG1=0.295774648;
piT2=0.225352113;
piC2=0.253521127;
piA2=0.225352113;
piG2=0.295774648;
piT3=0.234146341;
piC3=0.219512195;
piA3=0.219512195;
piG3=0.326829268;
piT4=0.213270142;
piC4=0.227488152;
piA4=0.218009479;
piG4=0.341232227;
