rACp=2.8959;
rAGp=5.17;
rATp=1;
rCGp=2.8959;
rTCp=7.9717;
rTGp=1;
piAp=0.2562;
piCp=0.1927;
piGp=0.2060;
piTp=0.3451;
piT1=0.344347826;
piC1=0.194782609;
piA1=0.252173913;
piG1=0.208695652;
piT2=0.346086957;
piC2=0.193043478;
piA2=0.252173913;
piG2=0.208695652;
piT3=0.355704698;
piC3=0.177852349;
piA3=0.261744966;
piG3=0.204697987;
piT4=0.350262697;
piC4=0.185639229;
piA4=0.252189142;
piG4=0.211908932;
