rACp=1;
rAGp=4.989;
rATp=1;
rCGp=1;
rTCp=4.989;
rTGp=1;
piAp=0.25;
piCp=0.25;
piGp=0.25;
piTp=0.25;
piT1=0.305084746;
piC1=0.233898305;
piA1=0.250847458;
piG1=0.210169492;
piT2=0.305084746;
piC2=0.233898305;
piA2=0.250847458;
piG2=0.210169492;
piT3=0.299559471;
piC3=0.255506608;
piA3=0.251101322;
piG3=0.193832599;
piT4=0.289115646;
piC4=0.248299320;
piA4=0.251700680;
piG4=0.210884354;
