rACp=1;
rAGp=3.928;
rATp=1.7508;
rCGp=1.7508;
rTCp=5.9436;
rTGp=1;
piAp=0.25;
piCp=0.25;
piGp=0.25;
piTp=0.25;
piT1=0.273972603;
piC1=0.232876712;
piA1=0.280821918;
piG1=0.212328767;
piT2=0.263698630;
piC2=0.243150685;
piA2=0.277397260;
piG2=0.215753425;
piT3=0.270547945;
piC3=0.263698630;
piA3=0.267123288;
piG3=0.198630137;
piT4=0.259124088;
piC4=0.248175182;
piA4=0.281021898;
piG4=0.211678832;
