rACp=1;
rAGp=3.5774;
rATp=1;
rCGp=1;
rTCp=3.5774;
rTGp=1;
piAp=0.25;
piCp=0.25;
piGp=0.25;
piTp=0.25;
piT1=0.256410256;
piC1=0.250000000;
piA1=0.275641026;
piG1=0.217948718;
piT2=0.262820513;
piC2=0.256410256;
piA2=0.272435897;
piG2=0.208333333;
piT3=0.245136187;
piC3=0.252918288;
piA3=0.295719844;
piG3=0.206225681;
piT4=0.262987013;
piC4=0.259740260;
piA4=0.282467532;
piG4=0.194805195;
