rACp=1;
rAGp=2.6523;
rATp=1;
rCGp=1;
rTCp=2.6523;
rTGp=1;
piAp=0.25;
piCp=0.25;
piGp=0.25;
piTp=0.25;
piT1=0.311320755;
piC1=0.188679245;
piA1=0.308176101;
piG1=0.191823899;
piT2=0.305993691;
piC2=0.186119874;
piA2=0.309148265;
piG2=0.198738170;
piT3=0.301754386;
piC3=0.185964912;
piA3=0.308771930;
piG3=0.203508772;
piT4=0.301886792;
piC4=0.198113208;
piA4=0.301886792;
piG4=0.198113208;
