rACp=2.451;
rAGp=3.864;
rATp=1;
rCGp=2.451;
rTCp=5.7027;
rTGp=1;
piAp=0.2771;
piCp=0.2054;
piGp=0.1948;
piTp=0.3227;
piT1=0.345291480;
piC1=0.188340807;
piA1=0.269058296;
piG1=0.197309417;
piT2=0.345291480;
piC2=0.188340807;
piA2=0.269058296;
piG2=0.197309417;
piT3=0.312500000;
piC3=0.211538462;
piA3=0.283653846;
piG3=0.192307692;
piT4=0.347222222;
piC4=0.194444444;
piA4=0.273148148;
piG4=0.185185185;
