rACp=1.7302;
rAGp=4.7216;
rATp=1;
rCGp=1.7302;
rTCp=4.7216;
rTGp=1;
piAp=0.25;
piCp=0.25;
piGp=0.25;
piTp=0.25;
piT1=0.287425150;
piC1=0.281437126;
piA1=0.269461078;
piG1=0.161676647;
piT2=0.281437126;
piC2=0.284431138;
piA2=0.263473054;
piG2=0.170658683;
piT3=0.299651568;
piC3=0.278745645;
piA3=0.261324042;
piG3=0.160278746;
piT4=0.284431138;
piC4=0.272455090;
piA4=0.260479042;
piG4=0.182634731;
