rACp=1.5131;
rAGp=6.1303;
rATp=0.3945;
rCGp=3.3278;
rTCp=6.1303;
rTGp=1;
piAp=0.25;
piCp=0.25;
piGp=0.25;
piTp=0.25;
piT1=0.247950820;
piC1=0.243852459;
piA1=0.258196721;
piG1=0.250000000;
piT2=0.247950820;
piC2=0.243852459;
piA2=0.256147541;
piG2=0.252049180;
piT3=0.242358079;
piC3=0.242358079;
piA3=0.268558952;
piG3=0.246724891;
piT4=0.245901639;
piC4=0.241803279;
piA4=0.260245902;
piG4=0.252049180;
