rACp=0.5052;
rAGp=3.2624;
rATp=0.5052;
rCGp=1;
rTCp=3.2624;
rTGp=1;
piAp=0.25;
piCp=0.25;
piGp=0.25;
piTp=0.25;
piT1=0.312373225;
piC1=0.281947262;
piA1=0.231237323;
piG1=0.174442191;
piT2=0.312373225;
piC2=0.279918864;
piA2=0.233265720;
piG2=0.174442191;
piT3=0.295857988;
piC3=0.284023669;
piA3=0.239644970;
piG3=0.180473373;
piT4=0.332657201;
piC4=0.267748479;
piA4=0.239350913;
piG4=0.160243408;
