rACp=0.6495;
rAGp=2.6302;
rATp=0.6495;
rCGp=1;
rTCp=2.6302;
rTGp=1;
piAp=0.25;
piCp=0.25;
piGp=0.25;
piTp=0.25;
piT1=0.325779037;
piC1=0.203966006;
piA1=0.294617564;
piG1=0.175637394;
piT2=0.322946176;
piC2=0.206798867;
piA2=0.294617564;
piG2=0.175637394;
piT3=0.334365325;
piC3=0.213622291;
piA3=0.300309598;
piG3=0.151702786;
piT4=0.325581395;
piC4=0.197674419;
piA4=0.290697674;
piG4=0.186046512;
