rACp=0.655;
rAGp=3.3949;
rATp=0.655;
rCGp=1;
rTCp=1.9512;
rTGp=1;
piAp=0.25;
piCp=0.25;
piGp=0.25;
piTp=0.25;
piT1=0.227799228;
piC1=0.154440154;
piA1=0.289575290;
piG1=0.328185328;
piT2=0.227799228;
piC2=0.154440154;
piA2=0.293436293;
piG2=0.324324324;
piT3=0.222707424;
piC3=0.144104803;
piA3=0.305676856;
piG3=0.327510917;
piT4=0.203187251;
piC4=0.195219124;
piA4=0.282868526;
piG4=0.318725100;
