rACp=1;
rAGp=4.8507;
rATp=1.4515;
rCGp=1.4515;
rTCp=4.8507;
rTGp=1;
piAp=0.25;
piCp=0.25;
piGp=0.25;
piTp=0.25;
piT1=0.258397933;
piC1=0.217054264;
piA1=0.240310078;
piG1=0.284237726;
piT2=0.255154639;
piC2=0.216494845;
piA2=0.244845361;
piG2=0.283505155;
piT3=0.272727273;
piC3=0.201581028;
piA3=0.233201581;
piG3=0.292490119;
piT4=0.268421053;
piC4=0.215789474;
piA4=0.231578947;
piG4=0.284210526;
