rACp=1.9551;
rAGp=4.2519;
rATp=1;
rCGp=1.9551;
rTCp=4.2519;
rTGp=1;
piAp=0.25;
piCp=0.25;
piGp=0.25;
piTp=0.25;
piT1=0.243243243;
piC1=0.232432432;
piA1=0.302702703;
piG1=0.221621622;
piT2=0.266304348;
piC2=0.195652174;
piA2=0.315217391;
piG2=0.222826087;
piT3=0.255172414;
piC3=0.241379310;
piA3=0.296551724;
piG3=0.206896552;
piT4=0.224043716;
piC4=0.251366120;
piA4=0.306010929;
piG4=0.218579235;
