rACp=1;
rAGp=2.013;
rATp=1;
rCGp=1;
rTCp=2.013;
rTGp=1;
piAp=0.25;
piCp=0.25;
piGp=0.25;
piTp=0.25;
piT1=0.276923077;
piC1=0.215384615;
piA1=0.238461538;
piG1=0.269230769;
piT2=0.276923077;
piC2=0.207692308;
piA2=0.238461538;
piG2=0.276923077;
piT3=0.276923077;
piC3=0.207692308;
piA3=0.238461538;
piG3=0.276923077;
piT4=0.273437500;
piC4=0.210937500;
piA4=0.250000000;
piG4=0.265625000;
