rACp=0.3086;
rAGp=2.4764;
rATp=0.3086;
rCGp=1;
rTCp=1.0635;
rTGp=1;
piAp=0.25;
piCp=0.25;
piGp=0.25;
piTp=0.25;
piT1=0.278145695;
piC1=0.185430464;
piA1=0.278145695;
piG1=0.258278146;
piT2=0.278145695;
piC2=0.185430464;
piA2=0.278145695;
piG2=0.258278146;
piT3=0.253731343;
piC3=0.201492537;
piA3=0.283582090;
piG3=0.261194030;
piT4=0.269503546;
piC4=0.184397163;
piA4=0.248226950;
piG4=0.297872340;
