rACp=0.6729;
rAGp=2.4425;
rATp=0.6729;
rCGp=1;
rTCp=2.4425;
rTGp=1;
piAp=0.25;
piCp=0.25;
piGp=0.25;
piTp=0.25;
piT1=0.306358382;
piC1=0.219653179;
piA1=0.271676301;
piG1=0.202312139;
piT2=0.309248555;
piC2=0.216763006;
piA2=0.265895954;
piG2=0.208092486;
piT3=0.280334728;
piC3=0.259414226;
piA3=0.238493724;
piG3=0.221757322;
piT4=0.233974359;
piC4=0.208333333;
piA4=0.291666667;
piG4=0.266025641;
