rACp=1;
rAGp=3.1452;
rATp=1;
rCGp=1;
rTCp=3.1452;
rTGp=1;
piAp=0.25;
piCp=0.25;
piGp=0.25;
piTp=0.25;
piT1=0.263492063;
piC1=0.260317460;
piA1=0.253968254;
piG1=0.222222222;
piT2=0.266666667;
piC2=0.260317460;
piA2=0.257142857;
piG2=0.215873016;
piT3=0.257246377;
piC3=0.257246377;
piA3=0.257246377;
piG3=0.228260870;
piT4=0.277070064;
piC4=0.248407643;
piA4=0.261146497;
piG4=0.213375796;
