rACp=1;
rAGp=1.69;
rATp=1;
rCGp=1;
rTCp=1.69;
rTGp=1;
piAp=0.25;
piCp=0.25;
piGp=0.25;
piTp=0.25;
piT1=0.270642202;
piC1=0.247706422;
piA1=0.279816514;
piG1=0.201834862;
piT2=0.275229358;
piC2=0.238532110;
piA2=0.275229358;
piG2=0.211009174;
piT3=0.269767442;
piC3=0.246511628;
piA3=0.279069767;
piG3=0.204651163;
piT4=0.271428571;
piC4=0.242857143;
piA4=0.266666667;
piG4=0.219047619;
