rACp=1;
rAGp=9.0179;
rATp=2.4671;
rCGp=2.4671;
rTCp=9.0179;
rTGp=1;
piAp=0.25;
piCp=0.25;
piGp=0.25;
piTp=0.25;
piT1=0.303116147;
piC1=0.240793201;
piA1=0.269121813;
piG1=0.186968839;
piT2=0.300283286;
piC2=0.232294618;
piA2=0.252124646;
piG2=0.215297450;
piT3=0.304761905;
piC3=0.204761905;
piA3=0.266666667;
piG3=0.223809524;
piT4=0.312320917;
piC4=0.226361032;
piA4=0.255014327;
piG4=0.206303725;
