rACp=1.4072;
rAGp=3.6075;
rATp=1;
rCGp=1.4072;
rTCp=3.6075;
rTGp=1;
piAp=0.25;
piCp=0.25;
piGp=0.25;
piTp=0.25;
piT1=0.275766017;
piC1=0.245125348;
piA1=0.317548747;
piG1=0.161559889;
piT2=0.270194986;
piC2=0.256267409;
piA2=0.311977716;
piG2=0.161559889;
piT3=0.265306122;
piC3=0.258503401;
piA3=0.319727891;
piG3=0.156462585;
piT4=0.267647059;
piC4=0.261764706;
piA4=0.302941176;
piG4=0.167647059;
