rACp=0.3618;
rAGp=1.3997;
rATp=0.3618;
rCGp=1;
rTCp=1.3997;
rTGp=1;
piAp=0.3462;
piCp=0.1984;
piGp=0.1363;
piTp=0.3191;
piT1=0.326271186;
piC1=0.190677966;
piA1=0.347457627;
piG1=0.135593220;
piT2=0.323529412;
piC2=0.193277311;
piA2=0.348739496;
piG2=0.134453782;
piT3=0.320000000;
piC3=0.200000000;
piA3=0.348571429;
piG3=0.131428571;
piT4=0.319327731;
piC4=0.184873950;
piA4=0.348739496;
piG4=0.147058824;
