rACp=2.5104;
rAGp=4.9501;
rATp=1;
rCGp=2.5104;
rTCp=4.9501;
rTGp=1;
piAp=0.25;
piCp=0.25;
piGp=0.25;
piTp=0.25;
piT1=0.239130435;
piC1=0.239130435;
piA1=0.256521739;
piG1=0.265217391;
piT2=0.243478261;
piC2=0.234782609;
piA2=0.252173913;
piG2=0.269565217;
piT3=0.210843373;
piC3=0.234939759;
piA3=0.277108434;
piG3=0.277108434;
piT4=0.232227488;
piC4=0.246445498;
piA4=0.265402844;
piG4=0.255924171;
