rACp=1;
rAGp=3.3475;
rATp=1.525;
rCGp=1.525;
rTCp=3.3475;
rTGp=1;
piAp=0.25;
piCp=0.25;
piGp=0.25;
piTp=0.25;
piT1=0.283536585;
piC1=0.256097561;
piA1=0.289634146;
piG1=0.170731707;
piT2=0.286585366;
piC2=0.256097561;
piA2=0.289634146;
piG2=0.167682927;
piT3=0.297101449;
piC3=0.253623188;
piA3=0.282608696;
piG3=0.166666667;
piT4=0.280487805;
piC4=0.265243902;
piA4=0.268292683;
piG4=0.185975610;
