rACp=1.9891;
rAGp=3.6819;
rATp=1;
rCGp=1.9891;
rTCp=3.6819;
rTGp=1;
piAp=0.25;
piCp=0.25;
piGp=0.25;
piTp=0.25;
piT1=0.317307692;
piC1=0.149038462;
piA1=0.312500000;
piG1=0.221153846;
piT2=0.315789474;
piC2=0.153110048;
piA2=0.325358852;
piG2=0.205741627;
piT3=0.296482412;
piC3=0.190954774;
piA3=0.296482412;
piG3=0.216080402;
piT4=0.296650718;
piC4=0.186602871;
piA4=0.306220096;
piG4=0.210526316;
