rACp=1;
rAGp=3.2878;
rATp=1;
rCGp=1;
rTCp=3.2878;
rTGp=1;
piAp=0.25;
piCp=0.25;
piGp=0.25;
piTp=0.25;
piT1=0.216814159;
piC1=0.287610619;
piA1=0.247787611;
piG1=0.247787611;
piT2=0.216814159;
piC2=0.287610619;
piA2=0.247787611;
piG2=0.247787611;
piT3=0.207964602;
piC3=0.292035398;
piA3=0.247787611;
piG3=0.252212389;
piT4=0.221719457;
piC4=0.276018100;
piA4=0.248868778;
piG4=0.253393665;
