rACp=1;
rAGp=5.866;
rATp=1;
rCGp=1;
rTCp=3.5545;
rTGp=1;
piAp=0.25;
piCp=0.25;
piGp=0.25;
piTp=0.25;
piT1=0.307506053;
piC1=0.242130751;
piA1=0.261501211;
piG1=0.188861985;
piT2=0.307506053;
piC2=0.239709443;
piA2=0.256658596;
piG2=0.196125908;
piT3=0.313531353;
piC3=0.250825083;
piA3=0.257425743;
piG3=0.178217822;
piT4=0.302663438;
piC4=0.244552058;
piA4=0.256658596;
piG4=0.196125908;
