rACp=1;
rAGp=2.4664;
rATp=1;
rCGp=1;
rTCp=2.4664;
rTGp=1;
piAp=0.25;
piCp=0.25;
piGp=0.25;
piTp=0.25;
piT1=0.198630137;
piC1=0.191780822;
piA1=0.267123288;
piG1=0.342465753;
piT2=0.198630137;
piC2=0.191780822;
piA2=0.267123288;
piG2=0.342465753;
piT3=0.198630137;
piC3=0.198630137;
piA3=0.260273973;
piG3=0.342465753;
piT4=0.194444444;
piC4=0.215277778;
piA4=0.250000000;
piG4=0.340277778;
