rACp=1;
rAGp=4.5313;
rATp=1.928;
rCGp=1.928;
rTCp=4.5313;
rTGp=1;
piAp=0.25;
piCp=0.25;
piGp=0.25;
piTp=0.25;
piT1=0.291666667;
piC1=0.201388889;
piA1=0.208333333;
piG1=0.298611111;
piT2=0.291666667;
piC2=0.208333333;
piA2=0.201388889;
piG2=0.298611111;
piT3=0.284722222;
piC3=0.208333333;
piA3=0.208333333;
piG3=0.298611111;
piT4=0.336065574;
piC4=0.180327869;
piA4=0.204918033;
piG4=0.278688525;
