rACp=1;
rAGp=3.0374;
rATp=1;
rCGp=1;
rTCp=3.0374;
rTGp=1;
piAp=0.25;
piCp=0.25;
piGp=0.25;
piTp=0.25;
piT1=0.311688312;
piC1=0.240259740;
piA1=0.240259740;
piG1=0.207792208;
piT2=0.318181818;
piC2=0.240259740;
piA2=0.233766234;
piG2=0.207792208;
piT3=0.315789474;
piC3=0.243421053;
piA3=0.223684211;
piG3=0.217105263;
piT4=0.298701299;
piC4=0.246753247;
piA4=0.227272727;
piG4=0.227272727;
