rACp=1;
rAGp=3.431;
rATp=1;
rCGp=1;
rTCp=2.3721;
rTGp=1;
piAp=0.25;
piCp=0.25;
piGp=0.25;
piTp=0.25;
piT1=0.189655172;
piC1=0.232758621;
piA1=0.357758621;
piG1=0.219827586;
piT2=0.198275862;
piC2=0.228448276;
piA2=0.357758621;
piG2=0.215517241;
piT3=0.182352941;
piC3=0.229411765;
piA3=0.364705882;
piG3=0.223529412;
piT4=0.194570136;
piC4=0.239819005;
piA4=0.366515837;
piG4=0.199095023;
