rACp=1.205;
rAGp=4.7776;
rATp=1.1504;
rCGp=2.2946;
rTCp=4.7776;
rTGp=1;
piAp=0.25;
piCp=0.25;
piGp=0.25;
piTp=0.25;
piT1=0.322485207;
piC1=0.192307692;
piA1=0.257396450;
piG1=0.227810651;
piT2=0.335311573;
piC2=0.183976261;
piA2=0.255192878;
piG2=0.225519288;
piT3=0.355450237;
piC3=0.203791469;
piA3=0.241706161;
piG3=0.199052133;
piT4=0.331325301;
piC4=0.192771084;
piA4=0.265060241;
piG4=0.210843373;
