rACp=1;
rAGp=4.9627;
rATp=1;
rCGp=1;
rTCp=4.9627;
rTGp=1;
piAp=0.25;
piCp=0.25;
piGp=0.25;
piTp=0.25;
piT1=0.223404255;
piC1=0.248226950;
piA1=0.276595745;
piG1=0.251773050;
piT2=0.226950355;
piC2=0.248226950;
piA2=0.280141844;
piG2=0.244680851;
piT3=0.223404255;
piC3=0.255319149;
piA3=0.269503546;
piG3=0.251773050;
piT4=0.227758007;
piC4=0.249110320;
piA4=0.263345196;
piG4=0.259786477;
