rACp=1.9284;
rAGp=3.8061;
rATp=1;
rCGp=1.9284;
rTCp=3.8061;
rTGp=1;
piAp=0.2865;
piCp=0.1729;
piGp=0.1956;
piTp=0.3450;
piT1=0.338926174;
piC1=0.177852349;
piA1=0.285234899;
piG1=0.197986577;
piT2=0.348993289;
piC2=0.171140940;
piA2=0.288590604;
piG2=0.191275168;
piT3=0.313131313;
piC3=0.171717172;
piA3=0.297979798;
piG3=0.217171717;
piT4=0.341549296;
piC4=0.169014085;
piA4=0.292253521;
piG4=0.197183099;
