rACp=1;
rAGp=3.2782;
rATp=1;
rCGp=1;
rTCp=3.2782;
rTGp=1;
piAp=0.25;
piCp=0.25;
piGp=0.25;
piTp=0.25;
piT1=0.304878049;
piC1=0.198170732;
piA1=0.274390244;
piG1=0.222560976;
piT2=0.310975610;
piC2=0.192073171;
piA2=0.271341463;
piG2=0.225609756;
piT3=0.280645161;
piC3=0.200000000;
piA3=0.287096774;
piG3=0.232258065;
piT4=0.295731707;
piC4=0.210365854;
piA4=0.283536585;
piG4=0.210365854;
