rACp=1;
rAGp=2.9096;
rATp=1;
rCGp=1;
rTCp=2.9096;
rTGp=1;
piAp=0.25;
piCp=0.25;
piGp=0.25;
piTp=0.25;
piT1=0.305555556;
piC1=0.236111111;
piA1=0.231481481;
piG1=0.226851852;
piT2=0.305936073;
piC2=0.237442922;
piA2=0.228310502;
piG2=0.228310502;
piT3=0.313364055;
piC3=0.221198157;
piA3=0.235023041;
piG3=0.230414747;
piT4=0.307339450;
piC4=0.229357798;
piA4=0.233944954;
piG4=0.229357798;
