rACp=1.2419;
rAGp=2.5561;
rATp=0.9236;
rCGp=3.0476;
rTCp=4.5976;
rTGp=1;
piAp=0.3147;
piCp=0.1673;
piGp=0.2688;
piTp=0.2492;
piT1=0.247933884;
piC1=0.165289256;
piA1=0.328512397;
piG1=0.258264463;
piT2=0.245322245;
piC2=0.166320166;
piA2=0.326403326;
piG2=0.261954262;
piT3=0.274247492;
piC3=0.187290970;
piA3=0.227424749;
piG3=0.311036789;
piT4=0.243801653;
piC4=0.167355372;
piA4=0.314049587;
piG4=0.274793388;
