rACp=0.5528;
rAGp=2.6529;
rATp=0.5528;
rCGp=1;
rTCp=2.6529;
rTGp=1;
piAp=0.25;
piCp=0.25;
piGp=0.25;
piTp=0.25;
piT1=0.269633508;
piC1=0.188481675;
piA1=0.272251309;
piG1=0.269633508;
piT2=0.272251309;
piC2=0.188481675;
piA2=0.274869110;
piG2=0.264397906;
piT3=0.258741259;
piC3=0.195804196;
piA3=0.272727273;
piG3=0.272727273;
piT4=0.272251309;
piC4=0.172774869;
piA4=0.269633508;
piG4=0.285340314;
