rACp=1;
rAGp=3.9978;
rATp=1;
rCGp=1;
rTCp=3.9978;
rTGp=1;
piAp=0.25;
piCp=0.25;
piGp=0.25;
piTp=0.25;
piT1=0.333333333;
piC1=0.247619048;
piA1=0.214285714;
piG1=0.204761905;
piT2=0.328571429;
piC2=0.247619048;
piA2=0.219047619;
piG2=0.204761905;
piT3=0.313432836;
piC3=0.243781095;
piA3=0.218905473;
piG3=0.223880597;
piT4=0.303482587;
piC4=0.253731343;
piA4=0.203980100;
piG4=0.238805970;
