rACp=1;
rAGp=1.6005;
rATp=0.523;
rCGp=0.523;
rTCp=1.6005;
rTGp=1;
piAp=0.25;
piCp=0.25;
piGp=0.25;
piTp=0.25;
piT1=0.325000000;
piC1=0.237500000;
piA1=0.200000000;
piG1=0.237500000;
piT2=0.325000000;
piC2=0.212500000;
piA2=0.250000000;
piG2=0.212500000;
piT3=0.304347826;
piC3=0.217391304;
piA3=0.202898551;
piG3=0.275362319;
piT4=0.312500000;
piC4=0.225000000;
piA4=0.225000000;
piG4=0.237500000;
