rACp=0.4704;
rAGp=2.5902;
rATp=0.4704;
rCGp=1;
rTCp=2.5902;
rTGp=1;
piAp=0.25;
piCp=0.25;
piGp=0.25;
piTp=0.25;
piT1=0.287553648;
piC1=0.208154506;
piA1=0.272532189;
piG1=0.231759657;
piT2=0.287553648;
piC2=0.210300429;
piA2=0.272532189;
piG2=0.229613734;
piT3=0.264437690;
piC3=0.231003040;
piA3=0.258358663;
piG3=0.246200608;
piT4=0.286021505;
piC4=0.212903226;
piA4=0.275268817;
piG4=0.225806452;
