rACp=1;
rAGp=2.5691;
rATp=0.6588;
rCGp=0.6588;
rTCp=2.5691;
rTGp=1;
piAp=0.25;
piCp=0.25;
piGp=0.25;
piTp=0.25;
piT1=0.326923077;
piC1=0.230769231;
piA1=0.269230769;
piG1=0.173076923;
piT2=0.331730769;
piC2=0.216346154;
piA2=0.293269231;
piG2=0.158653846;
piT3=0.317460317;
piC3=0.227513228;
piA3=0.291005291;
piG3=0.164021164;
piT4=0.294736842;
piC4=0.278947368;
piA4=0.231578947;
piG4=0.194736842;
