rACp=2.0933;
rAGp=5.3079;
rATp=1;
rCGp=2.0933;
rTCp=5.3079;
rTGp=1;
piAp=0.25;
piCp=0.25;
piGp=0.25;
piTp=0.25;
piT1=0.305343511;
piC1=0.190839695;
piA1=0.267175573;
piG1=0.236641221;
piT2=0.305343511;
piC2=0.188295165;
piA2=0.269720102;
piG2=0.236641221;
piT3=0.290419162;
piC3=0.185628743;
piA3=0.290419162;
piG3=0.233532934;
piT4=0.289256198;
piC4=0.198347107;
piA4=0.272727273;
piG4=0.239669421;
