rACp=1;
rAGp=3.635;
rATp=1;
rCGp=1;
rTCp=3.635;
rTGp=1;
piAp=0.25;
piCp=0.25;
piGp=0.25;
piTp=0.25;
piT1=0.304195804;
piC1=0.244755245;
piA1=0.272727273;
piG1=0.178321678;
piT2=0.297202797;
piC2=0.251748252;
piA2=0.272727273;
piG2=0.178321678;
piT3=0.305439331;
piC3=0.246861925;
piA3=0.267782427;
piG3=0.179916318;
piT4=0.293706294;
piC4=0.237762238;
piA4=0.283216783;
piG4=0.185314685;
