rACp=2.0558;
rAGp=3.1334;
rATp=1;
rCGp=2.0558;
rTCp=3.1334;
rTGp=1;
piAp=0.2205;
piCp=0.1814;
piGp=0.2351;
piTp=0.3630;
piT1=0.360078278;
piC1=0.183953033;
piA1=0.223091977;
piG1=0.232876712;
piT2=0.360078278;
piC2=0.180039139;
piA2=0.223091977;
piG2=0.236790607;
piT3=0.364896074;
piC3=0.177829099;
piA3=0.214780600;
piG3=0.242494226;
piT4=0.360078278;
piC4=0.181996086;
piA4=0.219178082;
piG4=0.238747554;
