rACp=1;
rAGp=2.9719;
rATp=1;
rCGp=1;
rTCp=2.9719;
rTGp=1;
piAp=0.25;
piCp=0.25;
piGp=0.25;
piTp=0.25;
piT1=0.290816327;
piC1=0.214285714;
piA1=0.306122449;
piG1=0.188775510;
piT2=0.304568528;
piC2=0.213197970;
piA2=0.299492386;
piG2=0.182741117;
piT3=0.289340102;
piC3=0.208121827;
piA3=0.309644670;
piG3=0.192893401;
piT4=0.294416244;
piC4=0.208121827;
piA4=0.309644670;
piG4=0.187817259;
