rACp=1;
rAGp=3.005;
rATp=2.0147;
rCGp=2.0147;
rTCp=3.005;
rTGp=1;
piAp=0.25;
piCp=0.25;
piGp=0.25;
piTp=0.25;
piT1=0.280575540;
piC1=0.208633094;
piA1=0.244604317;
piG1=0.266187050;
piT2=0.280575540;
piC2=0.208633094;
piA2=0.244604317;
piG2=0.266187050;
piT3=0.280575540;
piC3=0.208633094;
piA3=0.244604317;
piG3=0.266187050;
piT4=0.258992806;
piC4=0.215827338;
piA4=0.266187050;
piG4=0.258992806;
