rACp=1.4575;
rAGp=4.6628;
rATp=1;
rCGp=1.4575;
rTCp=4.6628;
rTGp=1;
piAp=0.25;
piCp=0.25;
piGp=0.25;
piTp=0.25;
piT1=0.322485207;
piC1=0.207100592;
piA1=0.266272189;
piG1=0.204142012;
piT2=0.325443787;
piC2=0.210059172;
piA2=0.266272189;
piG2=0.198224852;
piT3=0.304347826;
piC3=0.210702341;
piA3=0.247491639;
piG3=0.237458194;
piT4=0.291793313;
piC4=0.237082067;
piA4=0.224924012;
piG4=0.246200608;
