rACp=1;
rAGp=5.4582;
rATp=1.5838;
rCGp=1.5838;
rTCp=5.4582;
rTGp=1;
piAp=0.25;
piCp=0.25;
piGp=0.25;
piTp=0.25;
piT1=0.284634761;
piC1=0.226700252;
piA1=0.261964736;
piG1=0.226700252;
piT2=0.284634761;
piC2=0.226700252;
piA2=0.256926952;
piG2=0.231738035;
piT3=0.277153558;
piC3=0.217228464;
piA3=0.258426966;
piG3=0.247191011;
piT4=0.288659794;
piC4=0.224226804;
piA4=0.257731959;
piG4=0.229381443;
