rACp=1;
rAGp=2.6209;
rATp=1;
rCGp=1;
rTCp=2.6209;
rTGp=1;
piAp=0.25;
piCp=0.25;
piGp=0.25;
piTp=0.25;
piT1=0.163636364;
piC1=0.263636364;
piA1=0.272727273;
piG1=0.300000000;
piT2=0.163636364;
piC2=0.268181818;
piA2=0.268181818;
piG2=0.300000000;
piT3=0.157894737;
piC3=0.263157895;
piA3=0.272727273;
piG3=0.306220096;
piT4=0.154545455;
piC4=0.286363636;
piA4=0.272727273;
piG4=0.286363636;
