rACp=2.7092;
rAGp=7.779;
rATp=1;
rCGp=2.7092;
rTCp=7.779;
rTGp=1;
piAp=0.25;
piCp=0.25;
piGp=0.25;
piTp=0.25;
piT1=0.203463203;
piC1=0.212121212;
piA1=0.238095238;
piG1=0.346320346;
piT2=0.205128205;
piC2=0.217948718;
piA2=0.235042735;
piG2=0.341880342;
piT3=0.205128205;
piC3=0.213675214;
piA3=0.239316239;
piG3=0.341880342;
piT4=0.194570136;
piC4=0.221719457;
piA4=0.235294118;
piG4=0.348416290;
