rACp=1.7862;
rAGp=4.3292;
rATp=1;
rCGp=1.7862;
rTCp=4.3292;
rTGp=1;
piAp=0.25;
piCp=0.25;
piGp=0.25;
piTp=0.25;
piT1=0.261111111;
piC1=0.202777778;
piA1=0.308333333;
piG1=0.227777778;
piT2=0.266666667;
piC2=0.202777778;
piA2=0.308333333;
piG2=0.222222222;
piT3=0.270194986;
piC3=0.206128134;
piA3=0.309192201;
piG3=0.214484680;
piT4=0.266666667;
piC4=0.202777778;
piA4=0.305555556;
piG4=0.225000000;
