rACp=1.6972;
rAGp=4.2703;
rATp=1;
rCGp=1.6972;
rTCp=4.2703;
rTGp=1;
piAp=0.25;
piCp=0.25;
piGp=0.25;
piTp=0.25;
piT1=0.235537190;
piC1=0.247933884;
piA1=0.276859504;
piG1=0.239669421;
piT2=0.235537190;
piC2=0.247933884;
piA2=0.276859504;
piG2=0.239669421;
piT3=0.240506329;
piC3=0.257383966;
piA3=0.278481013;
piG3=0.223628692;
piT4=0.247826087;
piC4=0.260869565;
piA4=0.269565217;
piG4=0.221739130;
