rACp=1;
rAGp=3.934;
rATp=1;
rCGp=1;
rTCp=3.934;
rTGp=1;
piAp=0.25;
piCp=0.25;
piGp=0.25;
piTp=0.25;
piT1=0.286231884;
piC1=0.246376812;
piA1=0.268115942;
piG1=0.199275362;
piT2=0.289855072;
piC2=0.246376812;
piA2=0.271739130;
piG2=0.192028986;
piT3=0.321608040;
piC3=0.236180905;
piA3=0.241206030;
piG3=0.201005025;
piT4=0.286231884;
piC4=0.246376812;
piA4=0.260869565;
piG4=0.206521739;
