rACp=0.5097;
rAGp=2.8768;
rATp=0.5097;
rCGp=1;
rTCp=2.8768;
rTGp=1;
piAp=0.25;
piCp=0.25;
piGp=0.25;
piTp=0.25;
piT1=0.292237443;
piC1=0.251141553;
piA1=0.264840183;
piG1=0.191780822;
piT2=0.292237443;
piC2=0.255707763;
piA2=0.255707763;
piG2=0.196347032;
piT3=0.307692308;
piC3=0.253393665;
piA3=0.253393665;
piG3=0.185520362;
piT4=0.312217195;
piC4=0.262443439;
piA4=0.212669683;
piG4=0.212669683;
