rACp=1.5119;
rAGp=4.745;
rATp=1;
rCGp=1.5119;
rTCp=4.745;
rTGp=1;
piAp=0.25;
piCp=0.25;
piGp=0.25;
piTp=0.25;
piT1=0.260869565;
piC1=0.194508009;
piA1=0.322654462;
piG1=0.221967963;
piT2=0.259174312;
piC2=0.194954128;
piA2=0.323394495;
piG2=0.222477064;
piT3=0.274725275;
piC3=0.194139194;
piA3=0.318681319;
piG3=0.212454212;
piT4=0.247086247;
piC4=0.207459207;
piA4=0.307692308;
piG4=0.237762238;
