rACp=1;
rAGp=4.7376;
rATp=1.4052;
rCGp=1.4052;
rTCp=4.7376;
rTGp=1;
piAp=0.25;
piCp=0.25;
piGp=0.25;
piTp=0.25;
piT1=0.231250000;
piC1=0.190625000;
piA1=0.296875000;
piG1=0.281250000;
piT2=0.225000000;
piC2=0.193750000;
piA2=0.293750000;
piG2=0.287500000;
piT3=0.244725738;
piC3=0.223628692;
piA3=0.274261603;
piG3=0.257383966;
piT4=0.224755700;
piC4=0.211726384;
piA4=0.270358306;
piG4=0.293159609;
