rACp=1;
rAGp=2.9268;
rATp=1;
rCGp=1;
rTCp=2.9268;
rTGp=1;
piAp=0.25;
piCp=0.25;
piGp=0.25;
piTp=0.25;
piT1=0.337313433;
piC1=0.200000000;
piA1=0.313432836;
piG1=0.149253731;
piT2=0.334328358;
piC2=0.197014925;
piA2=0.310447761;
piG2=0.158208955;
piT3=0.317796610;
piC3=0.194915254;
piA3=0.326271186;
piG3=0.161016949;
piT4=0.321981424;
piC4=0.198142415;
piA4=0.284829721;
piG4=0.195046440;
