rACp=1;
rAGp=3.2504;
rATp=1;
rCGp=1;
rTCp=3.2504;
rTGp=1;
piAp=0.25;
piCp=0.25;
piGp=0.25;
piTp=0.25;
piT1=0.194029851;
piC1=0.273631841;
piA1=0.278606965;
piG1=0.253731343;
piT2=0.194029851;
piC2=0.273631841;
piA2=0.278606965;
piG2=0.253731343;
piT3=0.189054726;
piC3=0.278606965;
piA3=0.288557214;
piG3=0.243781095;
piT4=0.179104478;
piC4=0.278606965;
piA4=0.298507463;
piG4=0.243781095;
