rACp=1;
rAGp=1.8343;
rATp=1;
rCGp=1;
rTCp=4.5887;
rTGp=1;
piAp=0.25;
piCp=0.25;
piGp=0.25;
piTp=0.25;
piT1=0.172413793;
piC1=0.325123153;
piA1=0.211822660;
piG1=0.290640394;
piT2=0.167487685;
piC2=0.330049261;
piA2=0.216748768;
piG2=0.285714286;
piT3=0.167487685;
piC3=0.334975369;
piA3=0.211822660;
piG3=0.285714286;
piT4=0.172413793;
piC4=0.334975369;
piA4=0.211822660;
piG4=0.280788177;
