rACp=1.0839;
rAGp=4.2241;
rATp=0.6434;
rCGp=2.415;
rTCp=4.2241;
rTGp=1;
piAp=0.25;
piCp=0.25;
piGp=0.25;
piTp=0.25;
piT1=0.221311475;
piC1=0.250000000;
piA1=0.295081967;
piG1=0.233606557;
piT2=0.217213115;
piC2=0.250000000;
piA2=0.303278689;
piG2=0.229508197;
piT3=0.243902439;
piC3=0.243902439;
piA3=0.292682927;
piG3=0.219512195;
piT4=0.224066390;
piC4=0.244813278;
piA4=0.286307054;
piG4=0.244813278;
