rACp=1;
rAGp=3.7165;
rATp=1;
rCGp=1;
rTCp=3.7165;
rTGp=1;
piAp=0.25;
piCp=0.25;
piGp=0.25;
piTp=0.25;
piT1=0.302575107;
piC1=0.214592275;
piA1=0.300429185;
piG1=0.182403433;
piT2=0.304721030;
piC2=0.214592275;
piA2=0.300429185;
piG2=0.180257511;
piT3=0.318042813;
piC3=0.214067278;
piA3=0.281345566;
piG3=0.186544343;
piT4=0.287553648;
piC4=0.214592275;
piA4=0.296137339;
piG4=0.201716738;
