rACp=0.7668;
rAGp=2.6856;
rATp=0.7668;
rCGp=1;
rTCp=2.6856;
rTGp=1;
piAp=0.25;
piCp=0.25;
piGp=0.25;
piTp=0.25;
piT1=0.347629797;
piC1=0.180586907;
piA1=0.268623025;
piG1=0.203160271;
piT2=0.349887133;
piC2=0.180586907;
piA2=0.266365688;
piG2=0.203160271;
piT3=0.346153846;
piC3=0.185897436;
piA3=0.256410256;
piG3=0.211538462;
piT4=0.366028708;
piC4=0.165071770;
piA4=0.260765550;
piG4=0.208133971;
