rACp=0.9998;
rAGp=3.5139;
rATp=1.0173;
rCGp=2.1864;
rTCp=3.5139;
rTGp=1;
piAp=0.25;
piCp=0.25;
piGp=0.25;
piTp=0.25;
piT1=0.324894515;
piC1=0.234177215;
piA1=0.278481013;
piG1=0.162447257;
piT2=0.324894515;
piC2=0.229957806;
piA2=0.282700422;
piG2=0.162447257;
piT3=0.326259947;
piC3=0.214854111;
piA3=0.278514589;
piG3=0.180371353;
piT4=0.323467230;
piC4=0.226215645;
piA4=0.283298097;
piG4=0.167019027;
