rACp=1;
rAGp=2.7371;
rATp=1;
rCGp=1;
rTCp=2.7371;
rTGp=1;
piAp=0.3243;
piCp=0.2050;
piGp=0.2328;
piTp=0.2379;
piT1=0.237037037;
piC1=0.214814815;
piA1=0.318518519;
piG1=0.229629630;
piT2=0.238805970;
piC2=0.216417910;
piA2=0.313432836;
piG2=0.231343284;
piT3=0.264000000;
piC3=0.208000000;
piA3=0.312000000;
piG3=0.216000000;
piT4=0.229629630;
piC4=0.229629630;
piA4=0.318518519;
piG4=0.222222222;
