rACp=1;
rAGp=3.0827;
rATp=1;
rCGp=1;
rTCp=3.0827;
rTGp=1;
piAp=0.25;
piCp=0.25;
piGp=0.25;
piTp=0.25;
piT1=0.317708333;
piC1=0.265625000;
piA1=0.270833333;
piG1=0.145833333;
piT2=0.317708333;
piC2=0.265625000;
piA2=0.270833333;
piG2=0.145833333;
piT3=0.312500000;
piC3=0.265625000;
piA3=0.270833333;
piG3=0.151041667;
piT4=0.312500000;
piC4=0.265625000;
piA4=0.276041667;
piG4=0.145833333;
