rACp=1;
rAGp=7.7506;
rATp=2.7103;
rCGp=2.7103;
rTCp=3.5952;
rTGp=1;
piAp=0.25;
piCp=0.25;
piGp=0.25;
piTp=0.25;
piT1=0.313807531;
piC1=0.217573222;
piA1=0.238493724;
piG1=0.230125523;
piT2=0.317991632;
piC2=0.213389121;
piA2=0.238493724;
piG2=0.230125523;
piT3=0.317991632;
piC3=0.217573222;
piA3=0.238493724;
piG3=0.225941423;
piT4=0.313807531;
piC4=0.225941423;
piA4=0.234309623;
piG4=0.225941423;
