rACp=1;
rAGp=3.1912;
rATp=1;
rCGp=1;
rTCp=3.1912;
rTGp=1;
piAp=0.25;
piCp=0.25;
piGp=0.25;
piTp=0.25;
piT1=0.354497354;
piC1=0.190476190;
piA1=0.238095238;
piG1=0.216931217;
piT2=0.338624339;
piC2=0.201058201;
piA2=0.232804233;
piG2=0.227513228;
piT3=0.363636364;
piC3=0.181818182;
piA3=0.219251337;
piG3=0.235294118;
piT4=0.343915344;
piC4=0.195767196;
piA4=0.232804233;
piG4=0.227513228;
