rACp=0.9751;
rAGp=3.5255;
rATp=0.5772;
rCGp=1.7888;
rTCp=3.5255;
rTGp=1;
piAp=0.25;
piCp=0.25;
piGp=0.25;
piTp=0.25;
piT1=0.262500000;
piC1=0.171875000;
piA1=0.321875000;
piG1=0.243750000;
piT2=0.259375000;
piC2=0.178125000;
piA2=0.325000000;
piG2=0.237500000;
piT3=0.244274809;
piC3=0.183206107;
piA3=0.354961832;
piG3=0.217557252;
piT4=0.242038217;
piC4=0.210191083;
piA4=0.296178344;
piG4=0.251592357;
