rACp=1;
rAGp=3.1891;
rATp=1;
rCGp=1;
rTCp=3.1891;
rTGp=1;
piAp=0.25;
piCp=0.25;
piGp=0.25;
piTp=0.25;
piT1=0.317460317;
piC1=0.222222222;
piA1=0.281746032;
piG1=0.178571429;
piT2=0.313492063;
piC2=0.226190476;
piA2=0.285714286;
piG2=0.174603175;
piT3=0.316582915;
piC3=0.190954774;
piA3=0.301507538;
piG3=0.190954774;
piT4=0.314741036;
piC4=0.227091633;
piA4=0.274900398;
piG4=0.183266932;
