rACp=0.3657;
rAGp=1.7228;
rATp=0.3657;
rCGp=1;
rTCp=3.3077;
rTGp=1;
piAp=0.25;
piCp=0.25;
piGp=0.25;
piTp=0.25;
piT1=0.289099526;
piC1=0.208530806;
piA1=0.308056872;
piG1=0.194312796;
piT2=0.289099526;
piC2=0.208530806;
piA2=0.308056872;
piG2=0.194312796;
piT3=0.285106383;
piC3=0.204255319;
piA3=0.323404255;
piG3=0.187234043;
piT4=0.293838863;
piC4=0.206161137;
piA4=0.308056872;
piG4=0.191943128;
