rACp=1.2431;
rAGp=3.4587;
rATp=0.9046;
rCGp=3.0758;
rTCp=3.4587;
rTGp=1;
piAp=0.25;
piCp=0.25;
piGp=0.25;
piTp=0.25;
piT1=0.341463415;
piC1=0.184959350;
piA1=0.272357724;
piG1=0.201219512;
piT2=0.343495935;
piC2=0.184959350;
piA2=0.270325203;
piG2=0.201219512;
piT3=0.323333333;
piC3=0.183333333;
piA3=0.263333333;
piG3=0.230000000;
piT4=0.309278351;
piC4=0.208247423;
piA4=0.261855670;
piG4=0.220618557;
