rACp=1;
rAGp=3.415;
rATp=1;
rCGp=1;
rTCp=3.415;
rTGp=1;
piAp=0.25;
piCp=0.25;
piGp=0.25;
piTp=0.25;
piT1=0.283333333;
piC1=0.210000000;
piA1=0.256666667;
piG1=0.250000000;
piT2=0.276666667;
piC2=0.210000000;
piA2=0.266666667;
piG2=0.246666667;
piT3=0.281437126;
piC3=0.167664671;
piA3=0.281437126;
piG3=0.269461078;
piT4=0.277027027;
piC4=0.199324324;
piA4=0.256756757;
piG4=0.266891892;
