rACp=0.3443;
rAGp=1.6908;
rATp=0.3443;
rCGp=1;
rTCp=1.6908;
rTGp=1;
piAp=0.2645;
piCp=0.2842;
piGp=0.1535;
piTp=0.2978;
piT1=0.296296296;
piC1=0.288359788;
piA1=0.261904762;
piG1=0.153439153;
piT2=0.298941799;
piC2=0.283068783;
piA2=0.267195767;
piG2=0.150793651;
piT3=0.271241830;
piC3=0.294117647;
piA3=0.271241830;
piG3=0.163398693;
piT4=0.299734748;
piC4=0.278514589;
piA4=0.267904509;
piG4=0.153846154;
