rACp=0.6825;
rAGp=2.7247;
rATp=0.6825;
rCGp=1;
rTCp=2.7247;
rTGp=1;
piAp=0.25;
piCp=0.25;
piGp=0.25;
piTp=0.25;
piT1=0.259927798;
piC1=0.216606498;
piA1=0.296028881;
piG1=0.227436823;
piT2=0.265454545;
piC2=0.210909091;
piA2=0.287272727;
piG2=0.236363636;
piT3=0.254310345;
piC3=0.211206897;
piA3=0.284482759;
piG3=0.250000000;
piT4=0.248120301;
piC4=0.229323308;
piA4=0.270676692;
piG4=0.251879699;
