rACp=1.5372;
rAGp=7.2967;
rATp=1;
rCGp=1.5372;
rTCp=7.2967;
rTGp=1;
piAp=0.25;
piCp=0.25;
piGp=0.25;
piTp=0.25;
piT1=0.239560440;
piC1=0.219780220;
piA1=0.287912088;
piG1=0.252747253;
piT2=0.239560440;
piC2=0.217582418;
piA2=0.281318681;
piG2=0.261538462;
piT3=0.211640212;
piC3=0.179894180;
piA3=0.312169312;
piG3=0.296296296;
piT4=0.229116945;
piC4=0.226730310;
piA4=0.286396181;
piG4=0.257756563;
