rACp=1;
rAGp=3.0679;
rATp=1;
rCGp=1;
rTCp=3.0679;
rTGp=1;
piAp=0.25;
piCp=0.25;
piGp=0.25;
piTp=0.25;
piT1=0.226600985;
piC1=0.320197044;
piA1=0.266009852;
piG1=0.187192118;
piT2=0.221674877;
piC2=0.315270936;
piA2=0.270935961;
piG2=0.192118227;
piT3=0.216748768;
piC3=0.305418719;
piA3=0.280788177;
piG3=0.197044335;
piT4=0.210256410;
piC4=0.266666667;
piA4=0.287179487;
piG4=0.235897436;
