rACp=1.9471;
rAGp=4.3675;
rATp=1.9471;
rCGp=1;
rTCp=7.6082;
rTGp=1;
piAp=0.2124;
piCp=0.2916;
piGp=0.3033;
piTp=0.1927;
piT1=0.191358025;
piC1=0.290123457;
piA1=0.216049383;
piG1=0.302469136;
piT2=0.197530864;
piC2=0.290123457;
piA2=0.216049383;
piG2=0.296296296;
piT3=0.191358025;
piC3=0.302469136;
piA3=0.209876543;
piG3=0.296296296;
piT4=0.185185185;
piC4=0.308641975;
piA4=0.197530864;
piG4=0.308641975;
