rACp=1;
rAGp=2.8669;
rATp=1;
rCGp=1;
rTCp=5.24;
rTGp=1;
piAp=0.25;
piCp=0.25;
piGp=0.25;
piTp=0.25;
piT1=0.208333333;
piC1=0.227564103;
piA1=0.294871795;
piG1=0.269230769;
piT2=0.208333333;
piC2=0.227564103;
piA2=0.294871795;
piG2=0.269230769;
piT3=0.192468619;
piC3=0.221757322;
piA3=0.330543933;
piG3=0.255230126;
piT4=0.211538462;
piC4=0.224358974;
piA4=0.294871795;
piG4=0.269230769;
