rACp=1.8079;
rAGp=7.6371;
rATp=0.8475;
rCGp=4.0302;
rTCp=7.6371;
rTGp=1;
piAp=0.25;
piCp=0.25;
piGp=0.25;
piTp=0.25;
piT1=0.262658228;
piC1=0.186708861;
piA1=0.319620253;
piG1=0.231012658;
piT2=0.259493671;
piC2=0.186708861;
piA2=0.319620253;
piG2=0.234177215;
piT3=0.253623188;
piC3=0.170289855;
piA3=0.318840580;
piG3=0.257246377;
piT4=0.246835443;
piC4=0.189873418;
piA4=0.319620253;
piG4=0.243670886;
