rACp=1;
rAGp=4.885;
rATp=1;
rCGp=1;
rTCp=4.885;
rTGp=1;
piAp=0.25;
piCp=0.25;
piGp=0.25;
piTp=0.25;
piT1=0.234159780;
piC1=0.239669421;
piA1=0.286501377;
piG1=0.239669421;
piT2=0.236914601;
piC2=0.236914601;
piA2=0.280991736;
piG2=0.245179063;
piT3=0.243243243;
piC3=0.227027027;
piA3=0.291891892;
piG3=0.237837838;
piT4=0.250688705;
piC4=0.225895317;
piA4=0.289256198;
piG4=0.234159780;
