rACp=0.6724;
rAGp=2.4336;
rATp=0.6724;
rCGp=1;
rTCp=3.7659;
rTGp=1;
piAp=0.25;
piCp=0.25;
piGp=0.25;
piTp=0.25;
piT1=0.264150943;
piC1=0.216981132;
piA1=0.286163522;
piG1=0.232704403;
piT2=0.260188088;
piC2=0.216300940;
piA2=0.288401254;
piG2=0.235109718;
piT3=0.262773723;
piC3=0.200729927;
piA3=0.291970803;
piG3=0.244525547;
piT4=0.266666667;
piC4=0.224561404;
piA4=0.280701754;
piG4=0.228070175;
