rACp=1.4092;
rAGp=3.9096;
rATp=1;
rCGp=1.4092;
rTCp=3.9096;
rTGp=1;
piAp=0.25;
piCp=0.25;
piGp=0.25;
piTp=0.25;
piT1=0.278873239;
piC1=0.194366197;
piA1=0.307042254;
piG1=0.219718310;
piT2=0.284507042;
piC2=0.188732394;
piA2=0.307042254;
piG2=0.219718310;
piT3=0.283076923;
piC3=0.193846154;
piA3=0.298461538;
piG3=0.224615385;
piT4=0.285302594;
piC4=0.190201729;
piA4=0.311239193;
piG4=0.213256484;
