rACp=1;
rAGp=2.8256;
rATp=1;
rCGp=1;
rTCp=4.9511;
rTGp=1;
piAp=0.2454;
piCp=0.1983;
piGp=0.3497;
piTp=0.2067;
piT1=0.207048458;
piC1=0.193832599;
piA1=0.246696035;
piG1=0.352422907;
piT2=0.198237885;
piC2=0.207048458;
piA2=0.246696035;
piG2=0.348017621;
piT3=0.229074890;
piC3=0.185022026;
piA3=0.255506608;
piG3=0.330396476;
piT4=0.212871287;
piC4=0.217821782;
piA4=0.247524752;
piG4=0.321782178;
