rACp=1;
rAGp=2.8052;
rATp=1;
rCGp=1;
rTCp=2.8052;
rTGp=1;
piAp=0.25;
piCp=0.25;
piGp=0.25;
piTp=0.25;
piT1=0.217777778;
piC1=0.240000000;
piA1=0.293333333;
piG1=0.248888889;
piT2=0.222222222;
piC2=0.231111111;
piA2=0.293333333;
piG2=0.253333333;
piT3=0.211009174;
piC3=0.252293578;
piA3=0.270642202;
piG3=0.266055046;
piT4=0.207207207;
piC4=0.247747748;
piA4=0.279279279;
piG4=0.265765766;
