rACp=0.5297;
rAGp=2.1498;
rATp=0.5297;
rCGp=1;
rTCp=2.1498;
rTGp=1;
piAp=0.25;
piCp=0.25;
piGp=0.25;
piTp=0.25;
piT1=0.318965517;
piC1=0.206896552;
piA1=0.224137931;
piG1=0.250000000;
piT2=0.318965517;
piC2=0.206896552;
piA2=0.224137931;
piG2=0.250000000;
piT3=0.320346320;
piC3=0.207792208;
piA3=0.229437229;
piG3=0.242424242;
piT4=0.320346320;
piC4=0.212121212;
piA4=0.233766234;
piG4=0.233766234;
