rACp=1;
rAGp=2.6462;
rATp=1;
rCGp=1;
rTCp=2.6462;
rTGp=1;
piAp=0.25;
piCp=0.25;
piGp=0.25;
piTp=0.25;
piT1=0.256809339;
piC1=0.202334630;
piA1=0.272373541;
piG1=0.268482490;
piT2=0.252918288;
piC2=0.198443580;
piA2=0.280155642;
piG2=0.268482490;
piT3=0.251121076;
piC3=0.188340807;
piA3=0.260089686;
piG3=0.300448430;
piT4=0.275193798;
piC4=0.193798450;
piA4=0.271317829;
piG4=0.259689922;
