rACp=1;
rAGp=2.5529;
rATp=1;
rCGp=1;
rTCp=6.8815;
rTGp=1;
piAp=0.2832;
piCp=0.1373;
piGp=0.3572;
piTp=0.2222;
piT1=0.221789883;
piC1=0.140077821;
piA1=0.284046693;
piG1=0.354085603;
piT2=0.225680934;
piC2=0.136186770;
piA2=0.287937743;
piG2=0.350194553;
piT3=0.225680934;
piC3=0.132295720;
piA3=0.287937743;
piG3=0.354085603;
piT4=0.217898833;
piC4=0.140077821;
piA4=0.287937743;
piG4=0.354085603;
