rACp=1.7536;
rAGp=8.6013;
rATp=1.4814;
rCGp=3.2721;
rTCp=8.6013;
rTGp=1;
piAp=0.25;
piCp=0.25;
piGp=0.25;
piTp=0.25;
piT1=0.268948655;
piC1=0.239608802;
piA1=0.271393643;
piG1=0.220048900;
piT2=0.261613692;
piC2=0.246943765;
piA2=0.271393643;
piG2=0.220048900;
piT3=0.243243243;
piC3=0.248648649;
piA3=0.267567568;
piG3=0.240540541;
piT4=0.221945137;
piC4=0.266832918;
piA4=0.271820449;
piG4=0.239401496;
