rACp=0.4548;
rAGp=1.757;
rATp=0.4548;
rCGp=1;
rTCp=1.757;
rTGp=1;
piAp=0.3882;
piCp=0.1872;
piGp=0.1861;
piTp=0.2385;
piT1=0.240282686;
piC1=0.183745583;
piA1=0.385159011;
piG1=0.190812721;
piT2=0.232974910;
piC2=0.197132616;
piA2=0.387096774;
piG2=0.182795699;
piT3=0.243478261;
piC3=0.191304348;
piA3=0.395652174;
piG3=0.169565217;
piT4=0.235915493;
piC4=0.197183099;
piA4=0.373239437;
piG4=0.193661972;
