rACp=0.6061;
rAGp=3.1132;
rATp=0.6061;
rCGp=1;
rTCp=3.1132;
rTGp=1;
piAp=0.25;
piCp=0.25;
piGp=0.25;
piTp=0.25;
piT1=0.208955224;
piC1=0.268656716;
piA1=0.220149254;
piG1=0.302238806;
piT2=0.208955224;
piC2=0.268656716;
piA2=0.223880597;
piG2=0.298507463;
piT3=0.205223881;
piC3=0.279850746;
piA3=0.220149254;
piG3=0.294776119;
piT4=0.216417910;
piC4=0.272388060;
piA4=0.227611940;
piG4=0.283582090;
