rACp=1;
rAGp=4.5715;
rATp=1.9306;
rCGp=1.9306;
rTCp=4.5715;
rTGp=1;
piAp=0.25;
piCp=0.25;
piGp=0.25;
piTp=0.25;
piT1=0.231213873;
piC1=0.219653179;
piA1=0.265895954;
piG1=0.283236994;
piT2=0.225433526;
piC2=0.213872832;
piA2=0.260115607;
piG2=0.300578035;
piT3=0.225433526;
piC3=0.213872832;
piA3=0.260115607;
piG3=0.300578035;
piT4=0.219653179;
piC4=0.213872832;
piA4=0.260115607;
piG4=0.306358382;
