rACp=1.5322;
rAGp=2.9376;
rATp=0.4373;
rCGp=3.3609;
rTCp=2.9376;
rTGp=1;
piAp=0.25;
piCp=0.25;
piGp=0.25;
piTp=0.25;
piT1=0.269585253;
piC1=0.237327189;
piA1=0.235023041;
piG1=0.258064516;
piT2=0.267281106;
piC2=0.241935484;
piA2=0.239631336;
piG2=0.251152074;
piT3=0.271356784;
piC3=0.233668342;
piA3=0.248743719;
piG3=0.246231156;
piT4=0.265588915;
piC4=0.242494226;
piA4=0.242494226;
piG4=0.249422633;
