rACp=1;
rAGp=3.824;
rATp=1;
rCGp=1;
rTCp=3.824;
rTGp=1;
piAp=0.25;
piCp=0.25;
piGp=0.25;
piTp=0.25;
piT1=0.252631579;
piC1=0.257894737;
piA1=0.247368421;
piG1=0.242105263;
piT2=0.252631579;
piC2=0.255263158;
piA2=0.250000000;
piG2=0.242105263;
piT3=0.261363636;
piC3=0.235795455;
piA3=0.244318182;
piG3=0.258522727;
piT4=0.264864865;
piC4=0.232432432;
piA4=0.235135135;
piG4=0.267567568;
