rACp=0.8475;
rAGp=2.1393;
rATp=0.5075;
rCGp=2.2076;
rTCp=2.1393;
rTGp=1;
piAp=0.2186;
piCp=0.2732;
piGp=0.1744;
piTp=0.3339;
piT1=0.336683417;
piC1=0.266331658;
piA1=0.216080402;
piG1=0.180904523;
piT2=0.341708543;
piC2=0.256281407;
piA2=0.221105528;
piG2=0.180904523;
piT3=0.322580645;
piC3=0.268817204;
piA3=0.215053763;
piG3=0.193548387;
piT4=0.321608040;
piC4=0.291457286;
piA4=0.211055276;
piG4=0.175879397;
