rACp=0.4643;
rAGp=3.6992;
rATp=0.4643;
rCGp=1;
rTCp=1.785;
rTGp=1;
piAp=0.25;
piCp=0.25;
piGp=0.25;
piTp=0.25;
piT1=0.262032086;
piC1=0.171122995;
piA1=0.283422460;
piG1=0.283422460;
piT2=0.262032086;
piC2=0.171122995;
piA2=0.288770053;
piG2=0.278074866;
piT3=0.260000000;
piC3=0.176666667;
piA3=0.263333333;
piG3=0.300000000;
piT4=0.274932615;
piC4=0.172506739;
piA4=0.266846361;
piG4=0.285714286;
