rACp=1.8181;
rAGp=6.3886;
rATp=2.588;
rCGp=5.1717;
rTCp=6.3886;
rTGp=1;
piAp=0.25;
piCp=0.25;
piGp=0.25;
piTp=0.25;
piT1=0.279503106;
piC1=0.273291925;
piA1=0.285714286;
piG1=0.161490683;
piT2=0.279503106;
piC2=0.273291925;
piA2=0.291925466;
piG2=0.155279503;
piT3=0.230215827;
piC3=0.266187050;
piA3=0.323741007;
piG3=0.179856115;
piT4=0.248447205;
piC4=0.260869565;
piA4=0.273291925;
piG4=0.217391304;
