rACp=2.2658;
rAGp=6.7921;
rATp=1;
rCGp=2.2658;
rTCp=6.7921;
rTGp=1;
piAp=0.25;
piCp=0.25;
piGp=0.25;
piTp=0.25;
piT1=0.218446602;
piC1=0.286407767;
piA1=0.228155340;
piG1=0.266990291;
piT2=0.218446602;
piC2=0.291262136;
piA2=0.228155340;
piG2=0.262135922;
piT3=0.223300971;
piC3=0.276699029;
piA3=0.223300971;
piG3=0.276699029;
piT4=0.213592233;
piC4=0.281553398;
piA4=0.233009709;
piG4=0.271844660;
