rACp=1;
rAGp=4.1688;
rATp=1;
rCGp=1;
rTCp=4.1688;
rTGp=1;
piAp=0.25;
piCp=0.25;
piGp=0.25;
piTp=0.25;
piT1=0.243589744;
piC1=0.274358974;
piA1=0.225641026;
piG1=0.256410256;
piT2=0.243589744;
piC2=0.271794872;
piA2=0.225641026;
piG2=0.258974359;
piT3=0.246719160;
piC3=0.265091864;
piA3=0.228346457;
piG3=0.259842520;
piT4=0.239074550;
piC4=0.275064267;
piA4=0.236503856;
piG4=0.249357326;
