rACp=3.7086;
rAGp=10.6698;
rATp=0.763;
rCGp=8.7692;
rTCp=10.6698;
rTGp=1;
piAp=0.25;
piCp=0.25;
piGp=0.25;
piTp=0.25;
piT1=0.259818731;
piC1=0.193353474;
piA1=0.277945619;
piG1=0.268882175;
piT2=0.262839879;
piC2=0.193353474;
piA2=0.280966767;
piG2=0.262839879;
piT3=0.256797583;
piC3=0.199395770;
piA3=0.277945619;
piG3=0.265861027;
piT4=0.253776435;
piC4=0.208459215;
piA4=0.274924471;
piG4=0.262839879;
