rACp=1;
rAGp=6.2641;
rATp=1.9445;
rCGp=1.9445;
rTCp=6.2641;
rTGp=1;
piAp=0.25;
piCp=0.25;
piGp=0.25;
piTp=0.25;
piT1=0.273255814;
piC1=0.177325581;
piA1=0.293604651;
piG1=0.255813953;
piT2=0.281976744;
piC2=0.174418605;
piA2=0.287790698;
piG2=0.255813953;
piT3=0.334975369;
piC3=0.152709360;
piA3=0.285714286;
piG3=0.226600985;
piT4=0.281976744;
piC4=0.180232558;
piA4=0.287790698;
piG4=0.250000000;
