rACp=1.4468;
rAGp=5.145;
rATp=1;
rCGp=1.4468;
rTCp=3.6488;
rTGp=1;
piAp=0.25;
piCp=0.25;
piGp=0.25;
piTp=0.25;
piT1=0.258760108;
piC1=0.169811321;
piA1=0.331536388;
piG1=0.239892183;
piT2=0.253369272;
piC2=0.169811321;
piA2=0.334231806;
piG2=0.242587601;
piT3=0.244979920;
piC3=0.164658635;
piA3=0.349397590;
piG3=0.240963855;
piT4=0.242339833;
piC4=0.183844011;
piA4=0.320334262;
piG4=0.253481894;
