rACp=1.9104;
rAGp=4.866;
rATp=1;
rCGp=1.9104;
rTCp=4.866;
rTGp=1;
piAp=0.25;
piCp=0.25;
piGp=0.25;
piTp=0.25;
piT1=0.287128713;
piC1=0.217821782;
piA1=0.306930693;
piG1=0.188118812;
piT2=0.282178218;
piC2=0.227722772;
piA2=0.311881188;
piG2=0.178217822;
piT3=0.257425743;
piC3=0.247524752;
piA3=0.311881188;
piG3=0.183168317;
piT4=0.267326733;
piC4=0.247524752;
piA4=0.311881188;
piG4=0.173267327;
