rACp=1;
rAGp=3.0914;
rATp=1;
rCGp=1;
rTCp=3.0914;
rTGp=1;
piAp=0.25;
piCp=0.25;
piGp=0.25;
piTp=0.25;
piT1=0.275449102;
piC1=0.221556886;
piA1=0.248502994;
piG1=0.254491018;
piT2=0.278443114;
piC2=0.218562874;
piA2=0.245508982;
piG2=0.257485030;
piT3=0.288808664;
piC3=0.238267148;
piA3=0.223826715;
piG3=0.249097473;
piT4=0.269102990;
piC4=0.215946844;
piA4=0.255813953;
piG4=0.259136213;
