rACp=1;
rAGp=2.5631;
rATp=1;
rCGp=1;
rTCp=2.5631;
rTGp=1;
piAp=0.25;
piCp=0.25;
piGp=0.25;
piTp=0.25;
piT1=0.256097561;
piC1=0.155487805;
piA1=0.350609756;
piG1=0.237804878;
piT2=0.257961783;
piC2=0.152866242;
piA2=0.350318471;
piG2=0.238853503;
piT3=0.314814815;
piC3=0.092592593;
piA3=0.388888889;
piG3=0.203703704;
piT4=0.250000000;
piC4=0.187500000;
piA4=0.299107143;
piG4=0.263392857;
