rACp=1;
rAGp=2.3673;
rATp=1.6742;
rCGp=1.6742;
rTCp=4.3349;
rTGp=1;
piAp=0.25;
piCp=0.25;
piGp=0.25;
piTp=0.25;
piT1=0.308000000;
piC1=0.232000000;
piA1=0.220000000;
piG1=0.240000000;
piT2=0.312000000;
piC2=0.228000000;
piA2=0.220000000;
piG2=0.240000000;
piT3=0.297520661;
piC3=0.243801653;
piA3=0.231404959;
piG3=0.227272727;
piT4=0.322314050;
piC4=0.252066116;
piA4=0.231404959;
piG4=0.194214876;
