rACp=1.5037;
rAGp=4.6836;
rATp=1;
rCGp=1.5037;
rTCp=4.6836;
rTGp=1;
piAp=0.25;
piCp=0.25;
piGp=0.25;
piTp=0.25;
piT1=0.257985258;
piC1=0.208845209;
piA1=0.319410319;
piG1=0.213759214;
piT2=0.260442260;
piC2=0.206388206;
piA2=0.321867322;
piG2=0.211302211;
piT3=0.295358650;
piC3=0.215189873;
piA3=0.316455696;
piG3=0.172995781;
piT4=0.253071253;
piC4=0.203931204;
piA4=0.334152334;
piG4=0.208845209;
