rACp=1;
rAGp=5.5919;
rATp=1.6646;
rCGp=1.6646;
rTCp=3.5301;
rTGp=1;
piAp=0.1936;
piCp=0.2947;
piGp=0.2602;
piTp=0.2515;
piT1=0.267241379;
piC1=0.287356322;
piA1=0.215517241;
piG1=0.229885057;
piT2=0.271028037;
piC2=0.282710280;
piA2=0.203271028;
piG2=0.242990654;
piT3=0.205882353;
piC3=0.338235294;
piA3=0.200000000;
piG3=0.255882353;
piT4=0.249336870;
piC4=0.302387268;
piA4=0.209549072;
piG4=0.238726790;
