rACp=1;
rAGp=5.5398;
rATp=1;
rCGp=1;
rTCp=5.5398;
rTGp=1;
piAp=0.25;
piCp=0.25;
piGp=0.25;
piTp=0.25;
piT1=0.240740741;
piC1=0.240740741;
piA1=0.259259259;
piG1=0.259259259;
piT2=0.243827160;
piC2=0.237654321;
piA2=0.259259259;
piG2=0.259259259;
piT3=0.243750000;
piC3=0.234375000;
piA3=0.262500000;
piG3=0.259375000;
piT4=0.231481481;
piC4=0.240740741;
piA4=0.268518519;
piG4=0.259259259;
