rACp=1;
rAGp=3.5217;
rATp=1;
rCGp=1;
rTCp=3.5217;
rTGp=1;
piAp=0.1834;
piCp=0.3303;
piGp=0.2499;
piTp=0.2364;
piT1=0.261061947;
piC1=0.309734513;
piA1=0.185840708;
piG1=0.243362832;
piT2=0.252212389;
piC2=0.314159292;
piA2=0.190265487;
piG2=0.243362832;
piT3=0.238317757;
piC3=0.322429907;
piA3=0.200934579;
piG3=0.238317757;
piT4=0.195555556;
piC4=0.306666667;
piA4=0.226666667;
piG4=0.271111111;
