rACp=1;
rAGp=2.3125;
rATp=1;
rCGp=1;
rTCp=4.1968;
rTGp=1;
piAp=0.25;
piCp=0.25;
piGp=0.25;
piTp=0.25;
piT1=0.278145695;
piC1=0.218543046;
piA1=0.225165563;
piG1=0.278145695;
piT2=0.284768212;
piC2=0.211920530;
piA2=0.225165563;
piG2=0.278145695;
piT3=0.284768212;
piC3=0.211920530;
piA3=0.225165563;
piG3=0.278145695;
piT4=0.284768212;
piC4=0.211920530;
piA4=0.245033113;
piG4=0.258278146;
