rACp=1;
rAGp=3.4915;
rATp=1;
rCGp=1;
rTCp=3.4915;
rTGp=1;
piAp=0.25;
piCp=0.25;
piGp=0.25;
piTp=0.25;
piT1=0.271341463;
piC1=0.207317073;
piA1=0.314024390;
piG1=0.207317073;
piT2=0.271341463;
piC2=0.198170732;
piA2=0.317073171;
piG2=0.213414634;
piT3=0.278301887;
piC3=0.207547170;
piA3=0.301886792;
piG3=0.212264151;
piT4=0.262458472;
piC4=0.222591362;
piA4=0.299003322;
piG4=0.215946844;
