rACp=1;
rAGp=5.8915;
rATp=1.4848;
rCGp=1.4848;
rTCp=3.5353;
rTGp=1;
piAp=0.25;
piCp=0.25;
piGp=0.25;
piTp=0.25;
piT1=0.278947368;
piC1=0.242105263;
piA1=0.218421053;
piG1=0.260526316;
piT2=0.276315789;
piC2=0.242105263;
piA2=0.218421053;
piG2=0.263157895;
piT3=0.272972973;
piC3=0.240540541;
piA3=0.224324324;
piG3=0.262162162;
piT4=0.267195767;
piC4=0.238095238;
piA4=0.216931217;
piG4=0.277777778;
