rACp=1;
rAGp=4.6707;
rATp=1.6186;
rCGp=1.6186;
rTCp=4.6707;
rTGp=1;
piAp=0.25;
piCp=0.25;
piGp=0.25;
piTp=0.25;
piT1=0.221030043;
piC1=0.199570815;
piA1=0.328326180;
piG1=0.251072961;
piT2=0.221030043;
piC2=0.197424893;
piA2=0.332618026;
piG2=0.248927039;
piT3=0.204472843;
piC3=0.210862620;
piA3=0.319488818;
piG3=0.265175719;
piT4=0.225806452;
piC4=0.197849462;
piA4=0.335483871;
piG4=0.240860215;
