rACp=0.3894;
rAGp=2.5797;
rATp=0.3894;
rCGp=1;
rTCp=2.5797;
rTGp=1;
piAp=0.25;
piCp=0.25;
piGp=0.25;
piTp=0.25;
piT1=0.234146341;
piC1=0.190243902;
piA1=0.234146341;
piG1=0.341463415;
piT2=0.229268293;
piC2=0.195121951;
piA2=0.234146341;
piG2=0.341463415;
piT3=0.231958763;
piC3=0.195876289;
piA3=0.242268041;
piG3=0.329896907;
piT4=0.210784314;
piC4=0.215686275;
piA4=0.235294118;
piG4=0.338235294;
