rACp=2.2595;
rAGp=4.0469;
rATp=1;
rCGp=2.2595;
rTCp=4.0469;
rTGp=1;
piAp=0.2741;
piCp=0.1400;
piGp=0.1732;
piTp=0.4128;
piT1=0.411622276;
piC1=0.140435835;
piA1=0.280871671;
piG1=0.167070218;
piT2=0.411622276;
piC2=0.138014528;
piA2=0.278450363;
piG2=0.171912833;
piT3=0.389240506;
piC3=0.158227848;
piA3=0.275316456;
piG3=0.177215190;
piT4=0.404878049;
piC4=0.146341463;
piA4=0.285365854;
piG4=0.163414634;
