rACp=1.1281;
rAGp=4.6782;
rATp=1.1368;
rCGp=2.1233;
rTCp=4.6782;
rTGp=1;
piAp=0.25;
piCp=0.25;
piGp=0.25;
piTp=0.25;
piT1=0.284883721;
piC1=0.218023256;
piA1=0.284883721;
piG1=0.212209302;
piT2=0.287790698;
piC2=0.218023256;
piA2=0.296511628;
piG2=0.197674419;
piT3=0.308510638;
piC3=0.223404255;
piA3=0.244680851;
piG3=0.223404255;
piT4=0.302752294;
piC4=0.214067278;
piA4=0.272171254;
piG4=0.211009174;
