rACp=0.3706;
rAGp=1.322;
rATp=0.3706;
rCGp=1;
rTCp=1.322;
rTGp=1;
piAp=0.4051;
piCp=0.1793;
piGp=0.1510;
piTp=0.2646;
piT1=0.260115607;
piC1=0.184971098;
piA1=0.398843931;
piG1=0.156069364;
piT2=0.268786127;
piC2=0.179190751;
piA2=0.404624277;
piG2=0.147398844;
piT3=0.246073298;
piC3=0.193717277;
piA3=0.439790576;
piG3=0.120418848;
piT4=0.252941176;
piC4=0.182352941;
piA4=0.408823529;
piG4=0.155882353;
