rACp=1;
rAGp=4.3927;
rATp=1;
rCGp=1;
rTCp=4.3927;
rTGp=1;
piAp=0.4106;
piCp=0.1495;
piGp=0.1332;
piTp=0.3067;
piT1=0.307189542;
piC1=0.147058824;
piA1=0.408496732;
piG1=0.137254902;
piT2=0.310457516;
piC2=0.147058824;
piA2=0.408496732;
piG2=0.133986928;
piT3=0.303964758;
piC3=0.149779736;
piA3=0.414096916;
piG3=0.132158590;
piT4=0.282758621;
piC4=0.165517241;
piA4=0.420689655;
piG4=0.131034483;
