rACp=0.9204;
rAGp=2.6357;
rATp=0.536;
rCGp=1.7423;
rTCp=3.7332;
rTGp=1;
piAp=0.25;
piCp=0.25;
piGp=0.25;
piTp=0.25;
piT1=0.272727273;
piC1=0.191558442;
piA1=0.350649351;
piG1=0.185064935;
piT2=0.269480519;
piC2=0.198051948;
piA2=0.344155844;
piG2=0.188311688;
piT3=0.240566038;
piC3=0.254716981;
piA3=0.358490566;
piG3=0.146226415;
piT4=0.290657439;
piC4=0.228373702;
piA4=0.321799308;
piG4=0.159169550;
