rACp=0.6665;
rAGp=2.4283;
rATp=0.6665;
rCGp=1;
rTCp=2.4283;
rTGp=1;
piAp=0.25;
piCp=0.25;
piGp=0.25;
piTp=0.25;
piT1=0.328173375;
piC1=0.201238390;
piA1=0.235294118;
piG1=0.235294118;
piT2=0.325077399;
piC2=0.204334365;
piA2=0.232198142;
piG2=0.238390093;
piT3=0.317796610;
piC3=0.199152542;
piA3=0.216101695;
piG3=0.266949153;
piT4=0.318885449;
piC4=0.226006192;
piA4=0.238390093;
piG4=0.216718266;
