rACp=3.2609;
rAGp=5.3573;
rATp=1;
rCGp=3.2609;
rTCp=9.7432;
rTGp=1;
piAp=0.3731;
piCp=0.1586;
piGp=0.1648;
piTp=0.3034;
piT1=0.302120141;
piC1=0.162544170;
piA1=0.369257951;
piG1=0.166077739;
piT2=0.306737589;
piC2=0.157801418;
piA2=0.370567376;
piG2=0.164893617;
piT3=0.263636364;
piC3=0.172727273;
piA3=0.381818182;
piG3=0.181818182;
piT4=0.302120141;
piC4=0.157243816;
piA4=0.374558304;
piG4=0.166077739;
