rACp=0.938;
rAGp=2.6114;
rATp=2.0801;
rCGp=1.0373;
rTCp=2.6114;
rTGp=1;
piAp=0.25;
piCp=0.25;
piGp=0.25;
piTp=0.25;
piT1=0.256637168;
piC1=0.243362832;
piA1=0.274336283;
piG1=0.225663717;
piT2=0.240000000;
piC2=0.248888889;
piA2=0.288888889;
piG2=0.222222222;
piT3=0.250000000;
piC3=0.250000000;
piA3=0.244318182;
piG3=0.255681818;
piT4=0.237442922;
piC4=0.251141553;
piA4=0.260273973;
piG4=0.251141553;
