rACp=1;
rAGp=3.0473;
rATp=1;
rCGp=1;
rTCp=3.0473;
rTGp=1;
piAp=0.25;
piCp=0.25;
piGp=0.25;
piTp=0.25;
piT1=0.300613497;
piC1=0.249488753;
piA1=0.255623722;
piG1=0.194274029;
piT2=0.304703476;
piC2=0.243353783;
piA2=0.261758691;
piG2=0.190184049;
piT3=0.321336761;
piC3=0.259640103;
piA3=0.241645244;
piG3=0.177377892;
piT4=0.296066253;
piC4=0.248447205;
piA4=0.254658385;
piG4=0.200828157;
