rACp=1;
rAGp=3.7947;
rATp=1;
rCGp=1;
rTCp=3.7947;
rTGp=1;
piAp=0.25;
piCp=0.25;
piGp=0.25;
piTp=0.25;
piT1=0.290456432;
piC1=0.203319502;
piA1=0.296680498;
piG1=0.209543568;
piT2=0.287784679;
piC2=0.209109731;
piA2=0.291925466;
piG2=0.211180124;
piT3=0.294314381;
piC3=0.214046823;
piA3=0.327759197;
piG3=0.163879599;
piT4=0.264197531;
piC4=0.222222222;
piA4=0.318518519;
piG4=0.195061728;
