rACp=1;
rAGp=2.2801;
rATp=1;
rCGp=1;
rTCp=4.4971;
rTGp=1;
piAp=0.25;
piCp=0.25;
piGp=0.25;
piTp=0.25;
piT1=0.297124601;
piC1=0.252396166;
piA1=0.226837061;
piG1=0.223642173;
piT2=0.284745763;
piC2=0.257627119;
piA2=0.223728814;
piG2=0.233898305;
piT3=0.302083333;
piC3=0.256944444;
piA3=0.211805556;
piG3=0.229166667;
piT4=0.281879195;
piC4=0.261744966;
piA4=0.228187919;
piG4=0.228187919;
