rACp=1.2282;
rAGp=4.476;
rATp=0.5984;
rCGp=3.4286;
rTCp=4.476;
rTGp=1;
piAp=0.25;
piCp=0.25;
piGp=0.25;
piTp=0.25;
piT1=0.321608040;
piC1=0.206030151;
piA1=0.306532663;
piG1=0.165829146;
piT2=0.321608040;
piC2=0.206030151;
piA2=0.306532663;
piG2=0.165829146;
piT3=0.293706294;
piC3=0.223776224;
piA3=0.300699301;
piG3=0.181818182;
piT4=0.281407035;
piC4=0.231155779;
piA4=0.301507538;
piG4=0.185929648;
