rACp=1.7059;
rAGp=4.1348;
rATp=1;
rCGp=1.7059;
rTCp=4.1348;
rTGp=1;
piAp=0.25;
piCp=0.25;
piGp=0.25;
piTp=0.25;
piT1=0.291666667;
piC1=0.250000000;
piA1=0.212962963;
piG1=0.245370370;
piT2=0.283783784;
piC2=0.243243243;
piA2=0.234234234;
piG2=0.238738739;
piT3=0.295918367;
piC3=0.239795918;
piA3=0.204081633;
piG3=0.260204082;
piT4=0.276018100;
piC4=0.244343891;
piA4=0.239819005;
piG4=0.239819005;
