rACp=1.8508;
rAGp=3.5615;
rATp=1.8508;
rCGp=1;
rTCp=3.5615;
rTGp=1;
piAp=0.25;
piCp=0.25;
piGp=0.25;
piTp=0.25;
piT1=0.288888889;
piC1=0.250000000;
piA1=0.263888889;
piG1=0.197222222;
piT2=0.288888889;
piC2=0.247222222;
piA2=0.261111111;
piG2=0.202777778;
piT3=0.294964029;
piC3=0.266187050;
piA3=0.241007194;
piG3=0.197841727;
piT4=0.287749288;
piC4=0.239316239;
piA4=0.264957265;
piG4=0.207977208;
