rACp=1;
rAGp=4.5056;
rATp=1;
rCGp=1;
rTCp=1.7652;
rTGp=1;
piAp=0.25;
piCp=0.25;
piGp=0.25;
piTp=0.25;
piT1=0.223880597;
piC1=0.197014925;
piA1=0.322388060;
piG1=0.256716418;
piT2=0.221238938;
piC2=0.194690265;
piA2=0.327433628;
piG2=0.256637168;
piT3=0.221238938;
piC3=0.197640118;
piA3=0.321533923;
piG3=0.259587021;
piT4=0.221238938;
piC4=0.200589971;
piA4=0.315634218;
piG4=0.262536873;
