rACp=1;
rAGp=3.4152;
rATp=1;
rCGp=1;
rTCp=3.4152;
rTGp=1;
piAp=0.25;
piCp=0.25;
piGp=0.25;
piTp=0.25;
piT1=0.241379310;
piC1=0.193103448;
piA1=0.289655172;
piG1=0.275862069;
piT2=0.255172414;
piC2=0.179310345;
piA2=0.303448276;
piG2=0.262068966;
piT3=0.289655172;
piC3=0.200000000;
piA3=0.275862069;
piG3=0.234482759;
piT4=0.255172414;
piC4=0.200000000;
piA4=0.310344828;
piG4=0.234482759;
