rACp=0.3567;
rAGp=3.4804;
rATp=0.6591;
rCGp=1.8442;
rTCp=3.4804;
rTGp=1;
piAp=0.25;
piCp=0.25;
piGp=0.25;
piTp=0.25;
piT1=0.240000000;
piC1=0.196000000;
piA1=0.232000000;
piG1=0.332000000;
piT2=0.240000000;
piC2=0.200000000;
piA2=0.232000000;
piG2=0.328000000;
piT3=0.251231527;
piC3=0.206896552;
piA3=0.236453202;
piG3=0.305418719;
piT4=0.216867470;
piC4=0.236947791;
piA4=0.232931727;
piG4=0.313253012;
