rACp=1;
rAGp=2.5581;
rATp=0.5064;
rCGp=0.5064;
rTCp=2.5581;
rTGp=1;
piAp=0.25;
piCp=0.25;
piGp=0.25;
piTp=0.25;
piT1=0.254335260;
piC1=0.184971098;
piA1=0.265895954;
piG1=0.294797688;
piT2=0.254335260;
piC2=0.184971098;
piA2=0.265895954;
piG2=0.294797688;
piT3=0.267441860;
piC3=0.174418605;
piA3=0.273255814;
piG3=0.284883721;
piT4=0.283236994;
piC4=0.161849711;
piA4=0.271676301;
piG4=0.283236994;
