rACp=5.3074;
rAGp=17.3152;
rATp=5.3074;
rCGp=1;
rTCp=17.3152;
rTGp=1;
piAp=0.25;
piCp=0.25;
piGp=0.25;
piTp=0.25;
piT1=0.176470588;
piC1=0.261437908;
piA1=0.261437908;
piG1=0.300653595;
piT2=0.169934641;
piC2=0.267973856;
piA2=0.261437908;
piG2=0.300653595;
piT3=0.183006536;
piC3=0.254901961;
piA3=0.274509804;
piG3=0.287581699;
piT4=0.176470588;
piC4=0.261437908;
piA4=0.261437908;
piG4=0.300653595;
