rACp=0.3633;
rAGp=0.9061;
rATp=0.3633;
rCGp=1;
rTCp=2.7788;
rTGp=1;
piAp=0.25;
piCp=0.25;
piGp=0.25;
piTp=0.25;
piT1=0.306569343;
piC1=0.189781022;
piA1=0.233576642;
piG1=0.270072993;
piT2=0.306569343;
piC2=0.189781022;
piA2=0.233576642;
piG2=0.270072993;
piT3=0.322580645;
piC3=0.169354839;
piA3=0.233870968;
piG3=0.274193548;
piT4=0.313868613;
piC4=0.182481752;
piA4=0.233576642;
piG4=0.270072993;
