rACp=1;
rAGp=3.1879;
rATp=1;
rCGp=1;
rTCp=3.1879;
rTGp=1;
piAp=0.25;
piCp=0.25;
piGp=0.25;
piTp=0.25;
piT1=0.285714286;
piC1=0.186440678;
piA1=0.331719128;
piG1=0.196125908;
piT2=0.277777778;
piC2=0.198067633;
piA2=0.328502415;
piG2=0.195652174;
piT3=0.281553398;
piC3=0.190938511;
piA3=0.317152104;
piG3=0.210355987;
piT4=0.280193237;
piC4=0.193236715;
piA4=0.326086957;
piG4=0.200483092;
