rACp=1;
rAGp=3.3021;
rATp=1;
rCGp=1;
rTCp=3.3021;
rTGp=1;
piAp=0.25;
piCp=0.25;
piGp=0.25;
piTp=0.25;
piT1=0.238434164;
piC1=0.241992883;
piA1=0.245551601;
piG1=0.274021352;
piT2=0.245551601;
piC2=0.245551601;
piA2=0.245551601;
piG2=0.263345196;
piT3=0.227758007;
piC3=0.266903915;
piA3=0.241992883;
piG3=0.263345196;
piT4=0.224199288;
piC4=0.274021352;
piA4=0.252669039;
piG4=0.249110320;
