rACp=1;
rAGp=3.8712;
rATp=1;
rCGp=1;
rTCp=3.8712;
rTGp=1;
piAp=0.25;
piCp=0.25;
piGp=0.25;
piTp=0.25;
piT1=0.243636364;
piC1=0.258181818;
piA1=0.272727273;
piG1=0.225454545;
piT2=0.232727273;
piC2=0.265454545;
piA2=0.276363636;
piG2=0.225454545;
piT3=0.220408163;
piC3=0.277551020;
piA3=0.277551020;
piG3=0.224489796;
piT4=0.224264706;
piC4=0.261029412;
piA4=0.286764706;
piG4=0.227941176;
