rACp=1.8231;
rAGp=10.3199;
rATp=1;
rCGp=1.8231;
rTCp=4.927;
rTGp=1;
piAp=0.25;
piCp=0.25;
piGp=0.25;
piTp=0.25;
piT1=0.240208877;
piC1=0.250652742;
piA1=0.297650131;
piG1=0.211488251;
piT2=0.237597911;
piC2=0.255874674;
piA2=0.302872063;
piG2=0.203655352;
piT3=0.274261603;
piC3=0.244725738;
piA3=0.295358650;
piG3=0.185654008;
piT4=0.242506812;
piC4=0.267029973;
piA4=0.261580381;
piG4=0.228882834;
