rACp=0.5295;
rAGp=2.4251;
rATp=0.5295;
rCGp=1;
rTCp=2.4251;
rTGp=1;
piAp=0.25;
piCp=0.25;
piGp=0.25;
piTp=0.25;
piT1=0.227848101;
piC1=0.198312236;
piA1=0.320675105;
piG1=0.253164557;
piT2=0.215189873;
piC2=0.206751055;
piA2=0.329113924;
piG2=0.248945148;
piT3=0.197424893;
piC3=0.214592275;
piA3=0.326180258;
piG3=0.261802575;
piT4=0.197424893;
piC4=0.214592275;
piA4=0.334763948;
piG4=0.253218884;
