rACp=1;
rAGp=2.4521;
rATp=1;
rCGp=1;
rTCp=2.4521;
rTGp=1;
piAp=0.25;
piCp=0.25;
piGp=0.25;
piTp=0.25;
piT1=0.284153005;
piC1=0.273224044;
piA1=0.196721311;
piG1=0.245901639;
piT2=0.278688525;
piC2=0.278688525;
piA2=0.207650273;
piG2=0.234972678;
piT3=0.258620690;
piC3=0.304597701;
piA3=0.195402299;
piG3=0.241379310;
piT4=0.258426966;
piC4=0.308988764;
piA4=0.202247191;
piG4=0.230337079;
