rACp=2.7666;
rAGp=6.1255;
rATp=2.439;
rCGp=2.9702;
rTCp=8.9306;
rTGp=1;
piAp=0.25;
piCp=0.25;
piGp=0.25;
piTp=0.25;
piT1=0.229166667;
piC1=0.192708333;
piA1=0.343750000;
piG1=0.234375000;
piT2=0.242268041;
piC2=0.180412371;
piA2=0.335051546;
piG2=0.242268041;
piT3=0.237569061;
piC3=0.187845304;
piA3=0.337016575;
piG3=0.237569061;
piT4=0.241935484;
piC4=0.177419355;
piA4=0.338709677;
piG4=0.241935484;
