rACp=0.68;
rAGp=2.525;
rATp=1;
rCGp=0.68;
rTCp=3.4984;
rTGp=1;
piAp=0.2248;
piCp=0.2840;
piGp=0.2884;
piTp=0.2028;
piT1=0.212820513;
piC1=0.271794872;
piA1=0.235897436;
piG1=0.279487179;
piT2=0.217948718;
piC2=0.274358974;
piA2=0.235897436;
piG2=0.271794872;
piT3=0.187074830;
piC3=0.282312925;
piA3=0.258503401;
piG3=0.272108844;
piT4=0.219072165;
piC4=0.265463918;
piA4=0.239690722;
piG4=0.275773196;
