rACp=0.6329;
rAGp=2.9883;
rATp=0.6329;
rCGp=1;
rTCp=2.9883;
rTGp=1;
piAp=0.25;
piCp=0.25;
piGp=0.25;
piTp=0.25;
piT1=0.273519164;
piC1=0.245644599;
piA1=0.250871080;
piG1=0.229965157;
piT2=0.266550523;
piC2=0.254355401;
piA2=0.247386760;
piG2=0.231707317;
piT3=0.269541779;
piC3=0.256064690;
piA3=0.253369272;
piG3=0.221024259;
piT4=0.270462633;
piC4=0.256227758;
piA4=0.240213523;
piG4=0.233096085;
