rACp=1;
rAGp=3.2233;
rATp=1;
rCGp=1;
rTCp=3.2233;
rTGp=1;
piAp=0.25;
piCp=0.25;
piGp=0.25;
piTp=0.25;
piT1=0.281512605;
piC1=0.273109244;
piA1=0.235294118;
piG1=0.210084034;
piT2=0.285714286;
piC2=0.268907563;
piA2=0.237394958;
piG2=0.207983193;
piT3=0.245901639;
piC3=0.273224044;
piA3=0.229508197;
piG3=0.251366120;
piT4=0.279661017;
piC4=0.260593220;
piA4=0.235169492;
piG4=0.224576271;
