rACp=1;
rAGp=3.4178;
rATp=1;
rCGp=1;
rTCp=3.4178;
rTGp=1;
piAp=0.1912;
piCp=0.2895;
piGp=0.3089;
piTp=0.2105;
piT1=0.216560510;
piC1=0.292993631;
piA1=0.191082803;
piG1=0.299363057;
piT2=0.216560510;
piC2=0.292993631;
piA2=0.191082803;
piG2=0.299363057;
piT3=0.210191083;
piC3=0.292993631;
piA3=0.191082803;
piG3=0.305732484;
piT4=0.205128205;
piC4=0.301282051;
piA4=0.179487179;
piG4=0.314102564;
