rACp=1;
rAGp=5.8982;
rATp=1.8745;
rCGp=1.8745;
rTCp=3.5497;
rTGp=1;
piAp=0.25;
piCp=0.25;
piGp=0.25;
piTp=0.25;
piT1=0.261261261;
piC1=0.225225225;
piA1=0.297297297;
piG1=0.216216216;
piT2=0.270270270;
piC2=0.216216216;
piA2=0.333333333;
piG2=0.180180180;
piT3=0.279279279;
piC3=0.207207207;
piA3=0.351351351;
piG3=0.162162162;
piT4=0.263636364;
piC4=0.227272727;
piA4=0.318181818;
piG4=0.190909091;
