rACp=1;
rAGp=3.3578;
rATp=1;
rCGp=1;
rTCp=3.3578;
rTGp=1;
piAp=0.25;
piCp=0.25;
piGp=0.25;
piTp=0.25;
piT1=0.272727273;
piC1=0.311688312;
piA1=0.220779221;
piG1=0.194805195;
piT2=0.272321429;
piC2=0.303571429;
piA2=0.227678571;
piG2=0.196428571;
piT3=0.306358382;
piC3=0.289017341;
piA3=0.213872832;
piG3=0.190751445;
piT4=0.283185841;
piC4=0.283185841;
piA4=0.221238938;
piG4=0.212389381;
