rACp=1.4312;
rAGp=4.697;
rATp=0.8053;
rCGp=3.7031;
rTCp=4.697;
rTGp=1;
piAp=0.25;
piCp=0.25;
piGp=0.25;
piTp=0.25;
piT1=0.311064718;
piC1=0.202505219;
piA1=0.275574113;
piG1=0.210855950;
piT2=0.311203320;
piC2=0.203319502;
piA2=0.271784232;
piG2=0.213692946;
piT3=0.275735294;
piC3=0.198529412;
piA3=0.283088235;
piG3=0.242647059;
piT4=0.282051282;
piC4=0.214743590;
piA4=0.278846154;
piG4=0.224358974;
