rACp=1.79;
rAGp=5.8806;
rATp=1;
rCGp=1.79;
rTCp=3.3484;
rTGp=1;
piAp=0.25;
piCp=0.25;
piGp=0.25;
piTp=0.25;
piT1=0.208913649;
piC1=0.253481894;
piA1=0.292479109;
piG1=0.245125348;
piT2=0.208913649;
piC2=0.253481894;
piA2=0.289693593;
piG2=0.247910864;
piT3=0.209439528;
piC3=0.259587021;
piA3=0.289085546;
piG3=0.241887906;
piT4=0.198324022;
piC4=0.268156425;
piA4=0.284916201;
piG4=0.248603352;
