rACp=1;
rAGp=3.1849;
rATp=0.6834;
rCGp=0.6834;
rTCp=1.0779;
rTGp=1;
piAp=0.2616;
piCp=0.1984;
piGp=0.1854;
piTp=0.3546;
piT1=0.353383459;
piC1=0.195488722;
piA1=0.265664160;
piG1=0.185463659;
piT2=0.350746269;
piC2=0.199004975;
piA2=0.266169154;
piG2=0.184079602;
piT3=0.313636364;
piC3=0.213636364;
piA3=0.272727273;
piG3=0.200000000;
piT4=0.356955381;
piC4=0.207349081;
piA4=0.246719160;
piG4=0.188976378;
