rACp=0.6384;
rAGp=2.2133;
rATp=0.6384;
rCGp=1;
rTCp=3.5341;
rTGp=1;
piAp=0.25;
piCp=0.25;
piGp=0.25;
piTp=0.25;
piT1=0.319066148;
piC1=0.198443580;
piA1=0.280155642;
piG1=0.202334630;
piT2=0.319066148;
piC2=0.202334630;
piA2=0.272373541;
piG2=0.206225681;
piT3=0.331753555;
piC3=0.213270142;
piA3=0.265402844;
piG3=0.189573460;
piT4=0.380000000;
piC4=0.196000000;
piA4=0.244000000;
piG4=0.180000000;
