rACp=1.3682;
rAGp=6.4036;
rATp=0.6934;
rCGp=3.1343;
rTCp=6.4036;
rTGp=1;
piAp=0.25;
piCp=0.25;
piGp=0.25;
piTp=0.25;
piT1=0.242424242;
piC1=0.219251337;
piA1=0.286987522;
piG1=0.251336898;
piT2=0.245989305;
piC2=0.217468806;
piA2=0.285204991;
piG2=0.251336898;
piT3=0.251366120;
piC3=0.221311475;
piA3=0.292349727;
piG3=0.234972678;
piT4=0.226937269;
piC4=0.236162362;
piA4=0.269372694;
piG4=0.267527675;
