rACp=0.7444;
rAGp=2.7371;
rATp=0.8534;
rCGp=1.8892;
rTCp=2.7371;
rTGp=1;
piAp=0.25;
piCp=0.25;
piGp=0.25;
piTp=0.25;
piT1=0.328798186;
piC1=0.204081633;
piA1=0.292517007;
piG1=0.174603175;
piT2=0.324263039;
piC2=0.206349206;
piA2=0.297052154;
piG2=0.172335601;
piT3=0.323809524;
piC3=0.200000000;
piA3=0.290476190;
piG3=0.185714286;
piT4=0.315192744;
piC4=0.210884354;
piA4=0.290249433;
piG4=0.183673469;
