rACp=1.465;
rAGp=3.5481;
rATp=1;
rCGp=1.465;
rTCp=2.5129;
rTGp=1;
piAp=0.25;
piCp=0.25;
piGp=0.25;
piTp=0.25;
piT1=0.226618705;
piC1=0.241007194;
piA1=0.312949640;
piG1=0.219424460;
piT2=0.223021583;
piC2=0.244604317;
piA2=0.316546763;
piG2=0.215827338;
piT3=0.215827338;
piC3=0.248201439;
piA3=0.320143885;
piG3=0.215827338;
piT4=0.212230216;
piC4=0.269784173;
piA4=0.305755396;
piG4=0.212230216;
