rACp=0.2342;
rAGp=1.2478;
rATp=1;
rCGp=0.2342;
rTCp=1.2478;
rTGp=1;
piAp=0.25;
piCp=0.25;
piGp=0.25;
piTp=0.25;
piT1=0.321212121;
piC1=0.187878788;
piA1=0.200000000;
piG1=0.290909091;
piT2=0.315151515;
piC2=0.187878788;
piA2=0.200000000;
piG2=0.296969697;
piT3=0.309090909;
piC3=0.193939394;
piA3=0.200000000;
piG3=0.296969697;
piT4=0.315151515;
piC4=0.200000000;
piA4=0.181818182;
piG4=0.303030303;
