rACp=1;
rAGp=4.2986;
rATp=1.6433;
rCGp=1.6433;
rTCp=4.2986;
rTGp=1;
piAp=0.25;
piCp=0.25;
piGp=0.25;
piTp=0.25;
piT1=0.279220779;
piC1=0.240259740;
piA1=0.250000000;
piG1=0.230519481;
piT2=0.272727273;
piC2=0.246753247;
piA2=0.259740260;
piG2=0.220779221;
piT3=0.280991736;
piC3=0.268595041;
piA3=0.256198347;
piG3=0.194214876;
piT4=0.262987013;
piC4=0.269480519;
piA4=0.262987013;
piG4=0.204545455;
