rACp=1;
rAGp=3.6458;
rATp=1;
rCGp=1;
rTCp=3.6458;
rTGp=1;
piAp=0.25;
piCp=0.25;
piGp=0.25;
piTp=0.25;
piT1=0.237500000;
piC1=0.254166667;
piA1=0.308333333;
piG1=0.200000000;
piT2=0.241666667;
piC2=0.245833333;
piA2=0.308333333;
piG2=0.204166667;
piT3=0.237068966;
piC3=0.250000000;
piA3=0.314655172;
piG3=0.198275862;
piT4=0.237500000;
piC4=0.283333333;
piA4=0.295833333;
piG4=0.183333333;
