rACp=1;
rAGp=3.5357;
rATp=1;
rCGp=1;
rTCp=3.5357;
rTGp=1;
piAp=0.25;
piCp=0.25;
piGp=0.25;
piTp=0.25;
piT1=0.193396226;
piC1=0.212264151;
piA1=0.278301887;
piG1=0.316037736;
piT2=0.205882353;
piC2=0.210784314;
piA2=0.269607843;
piG2=0.313725490;
piT3=0.205882353;
piC3=0.220588235;
piA3=0.264705882;
piG3=0.308823529;
piT4=0.198113208;
piC4=0.216981132;
piA4=0.264150943;
piG4=0.320754717;
