rACp=0.4987;
rAGp=4.1185;
rATp=0.4987;
rCGp=1;
rTCp=2.1318;
rTGp=1;
piAp=0.25;
piCp=0.25;
piGp=0.25;
piTp=0.25;
piT1=0.176630435;
piC1=0.331521739;
piA1=0.279891304;
piG1=0.211956522;
piT2=0.176630435;
piC2=0.331521739;
piA2=0.279891304;
piG2=0.211956522;
piT3=0.169230769;
piC3=0.341538462;
piA3=0.258461538;
piG3=0.230769231;
piT4=0.222727273;
piC4=0.309090909;
piA4=0.240909091;
piG4=0.227272727;
