rACp=0.7671;
rAGp=2.5102;
rATp=0.6358;
rCGp=4.3235;
rTCp=10.4421;
rTGp=1;
piAp=0.3152;
piCp=0.1982;
piGp=0.2384;
piTp=0.2482;
piT1=0.242424242;
piC1=0.222222222;
piA1=0.308080808;
piG1=0.227272727;
piT2=0.252525253;
piC2=0.202020202;
piA2=0.318181818;
piG2=0.227272727;
piT3=0.252525253;
piC3=0.202020202;
piA3=0.318181818;
piG3=0.227272727;
piT4=0.242424242;
piC4=0.202020202;
piA4=0.313131313;
piG4=0.242424242;
