rACp=1.0293;
rAGp=2.8392;
rATp=0.4098;
rCGp=2.4689;
rTCp=2.8392;
rTGp=1;
piAp=0.25;
piCp=0.25;
piGp=0.25;
piTp=0.25;
piT1=0.323843416;
piC1=0.177935943;
piA1=0.316725979;
piG1=0.181494662;
piT2=0.327402135;
piC2=0.170818505;
piA2=0.320284698;
piG2=0.181494662;
piT3=0.326180258;
piC3=0.167381974;
piA3=0.347639485;
piG3=0.158798283;
piT4=0.327402135;
piC4=0.167259786;
piA4=0.323843416;
piG4=0.181494662;
