rACp=1.0546;
rAGp=3.6402;
rATp=0.7333;
rCGp=2.6893;
rTCp=3.6402;
rTGp=1;
piAp=0.25;
piCp=0.25;
piGp=0.25;
piTp=0.25;
piT1=0.272500000;
piC1=0.217500000;
piA1=0.310000000;
piG1=0.200000000;
piT2=0.275000000;
piC2=0.212500000;
piA2=0.310000000;
piG2=0.202500000;
piT3=0.257790368;
piC3=0.232294618;
piA3=0.291784703;
piG3=0.218130312;
piT4=0.233802817;
piC4=0.236619718;
piA4=0.304225352;
piG4=0.225352113;
