rACp=1;
rAGp=2.7098;
rATp=1;
rCGp=1;
rTCp=2.7098;
rTGp=1;
piAp=0.25;
piCp=0.25;
piGp=0.25;
piTp=0.25;
piT1=0.294117647;
piC1=0.172113290;
piA1=0.291938998;
piG1=0.241830065;
piT2=0.298474946;
piC2=0.169934641;
piA2=0.289760349;
piG2=0.241830065;
piT3=0.287749288;
piC3=0.156695157;
piA3=0.313390313;
piG3=0.242165242;
piT4=0.298474946;
piC4=0.172113290;
piA4=0.289760349;
piG4=0.239651416;
