rACp=1;
rAGp=2.7647;
rATp=1;
rCGp=1;
rTCp=2.7647;
rTGp=1;
piAp=0.25;
piCp=0.25;
piGp=0.25;
piTp=0.25;
piT1=0.252747253;
piC1=0.247252747;
piA1=0.197802198;
piG1=0.302197802;
piT2=0.252747253;
piC2=0.252747253;
piA2=0.192307692;
piG2=0.302197802;
piT3=0.207100592;
piC3=0.307692308;
piA3=0.201183432;
piG3=0.284023669;
piT4=0.218045113;
piC4=0.255639098;
piA4=0.203007519;
piG4=0.323308271;
