rACp=1.5269;
rAGp=4.191;
rATp=1;
rCGp=1.5269;
rTCp=4.191;
rTGp=1;
piAp=0.25;
piCp=0.25;
piGp=0.25;
piTp=0.25;
piT1=0.353944563;
piC1=0.183368870;
piA1=0.287846482;
piG1=0.174840085;
piT2=0.351812367;
piC2=0.185501066;
piA2=0.294243070;
piG2=0.168443497;
piT3=0.355263158;
piC3=0.177631579;
piA3=0.286184211;
piG3=0.180921053;
piT4=0.349680171;
piC4=0.185501066;
piA4=0.285714286;
piG4=0.179104478;
