rACp=1.1647;
rAGp=2.5911;
rATp=0.7366;
rCGp=2.4338;
rTCp=2.5911;
rTGp=1;
piAp=0.25;
piCp=0.25;
piGp=0.25;
piTp=0.25;
piT1=0.299093656;
piC1=0.184290030;
piA1=0.308157100;
piG1=0.208459215;
piT2=0.299093656;
piC2=0.184290030;
piA2=0.308157100;
piG2=0.208459215;
piT3=0.271317829;
piC3=0.209302326;
piA3=0.310077519;
piG3=0.209302326;
piT4=0.299093656;
piC4=0.187311178;
piA4=0.308157100;
piG4=0.205438066;
