rACp=1.4744;
rAGp=4.638;
rATp=1;
rCGp=1.4744;
rTCp=4.638;
rTGp=1;
piAp=0.25;
piCp=0.25;
piGp=0.25;
piTp=0.25;
piT1=0.222222222;
piC1=0.246031746;
piA1=0.269841270;
piG1=0.261904762;
piT2=0.218687873;
piC2=0.246520875;
piA2=0.270377734;
piG2=0.264413519;
piT3=0.216599190;
piC3=0.263157895;
piA3=0.255060729;
piG3=0.265182186;
piT4=0.222672065;
piC4=0.265182186;
piA4=0.246963563;
piG4=0.265182186;
