rACp=1;
rAGp=2.0873;
rATp=1;
rCGp=1;
rTCp=4.6252;
rTGp=1;
piAp=0.25;
piCp=0.25;
piGp=0.25;
piTp=0.25;
piT1=0.240000000;
piC1=0.252000000;
piA1=0.276000000;
piG1=0.232000000;
piT2=0.244000000;
piC2=0.252000000;
piA2=0.276000000;
piG2=0.228000000;
piT3=0.229166667;
piC3=0.258333333;
piA3=0.275000000;
piG3=0.237500000;
piT4=0.240000000;
piC4=0.260000000;
piA4=0.276000000;
piG4=0.224000000;
