rACp=1;
rAGp=2.7141;
rATp=1;
rCGp=1;
rTCp=2.7141;
rTGp=1;
piAp=0.25;
piCp=0.25;
piGp=0.25;
piTp=0.25;
piT1=0.301104972;
piC1=0.198895028;
piA1=0.303867403;
piG1=0.196132597;
piT2=0.287292818;
piC2=0.201657459;
piA2=0.306629834;
piG2=0.204419890;
piT3=0.303418803;
piC3=0.230769231;
piA3=0.282051282;
piG3=0.183760684;
piT4=0.301104972;
piC4=0.201657459;
piA4=0.298342541;
piG4=0.198895028;
