rACp=2.0606;
rAGp=2.704;
rATp=1;
rCGp=2.0606;
rTCp=2.704;
rTGp=1;
piAp=0.25;
piCp=0.25;
piGp=0.25;
piTp=0.25;
piT1=0.259927798;
piC1=0.231046931;
piA1=0.310469314;
piG1=0.198555957;
piT2=0.258064516;
piC2=0.236559140;
piA2=0.308243728;
piG2=0.197132616;
piT3=0.267676768;
piC3=0.272727273;
piA3=0.272727273;
piG3=0.186868687;
piT4=0.260162602;
piC4=0.247967480;
piA4=0.308943089;
piG4=0.182926829;
