rACp=1;
rAGp=5.5714;
rATp=1;
rCGp=1;
rTCp=5.5714;
rTGp=1;
piAp=0.25;
piCp=0.25;
piGp=0.25;
piTp=0.25;
piT1=0.258064516;
piC1=0.258064516;
piA1=0.322580645;
piG1=0.161290323;
piT2=0.258064516;
piC2=0.258064516;
piA2=0.322580645;
piG2=0.161290323;
piT3=0.247311828;
piC3=0.268817204;
piA3=0.322580645;
piG3=0.161290323;
piT4=0.258064516;
piC4=0.258064516;
piA4=0.311827957;
piG4=0.172043011;
