rACp=1;
rAGp=2.9707;
rATp=1;
rCGp=1;
rTCp=2.9707;
rTGp=1;
piAp=0.25;
piCp=0.25;
piGp=0.25;
piTp=0.25;
piT1=0.239130435;
piC1=0.282608696;
piA1=0.210144928;
piG1=0.268115942;
piT2=0.260869565;
piC2=0.268115942;
piA2=0.181159420;
piG2=0.289855072;
piT3=0.257352941;
piC3=0.250000000;
piA3=0.198529412;
piG3=0.294117647;
piT4=0.260869565;
piC4=0.246376812;
piA4=0.210144928;
piG4=0.282608696;
