rACp=0.9145;
rAGp=2.4154;
rATp=1.1754;
rCGp=2.0288;
rTCp=2.4154;
rTGp=1;
piAp=0.25;
piCp=0.25;
piGp=0.25;
piTp=0.25;
piT1=0.301369863;
piC1=0.198630137;
piA1=0.301369863;
piG1=0.198630137;
piT2=0.323144105;
piC2=0.196506550;
piA2=0.305676856;
piG2=0.174672489;
piT3=0.290076336;
piC3=0.198473282;
piA3=0.339694656;
piG3=0.171755725;
piT4=0.289198606;
piC4=0.198606272;
piA4=0.313588850;
piG4=0.198606272;
