rACp=1.2299;
rAGp=1.9782;
rATp=0.7011;
rCGp=0.1732;
rTCp=3.7547;
rTGp=1;
piAp=0.1840;
piCp=0.2999;
piGp=0.3245;
piTp=0.1916;
piT1=0.200854701;
piC1=0.290598291;
piA1=0.196581197;
piG1=0.311965812;
piT2=0.200854701;
piC2=0.290598291;
piA2=0.183760684;
piG2=0.324786325;
piT3=0.216450216;
piC3=0.277056277;
piA3=0.190476190;
piG3=0.316017316;
piT4=0.199134199;
piC4=0.285714286;
piA4=0.194805195;
piG4=0.320346320;
