rACp=1;
rAGp=4.6008;
rATp=1.4372;
rCGp=1.4372;
rTCp=4.6008;
rTGp=1;
piAp=0.25;
piCp=0.25;
piGp=0.25;
piTp=0.25;
piT1=0.331325301;
piC1=0.225903614;
piA1=0.243975904;
piG1=0.198795181;
piT2=0.333333333;
piC2=0.227272727;
piA2=0.254545455;
piG2=0.184848485;
piT3=0.345381526;
piC3=0.232931727;
piA3=0.228915663;
piG3=0.192771084;
piT4=0.345514950;
piC4=0.219269103;
piA4=0.242524917;
piG4=0.192691030;
