rACp=0.9678;
rAGp=2.7474;
rATp=0.7149;
rCGp=3.1416;
rTCp=2.7474;
rTGp=1;
piAp=0.25;
piCp=0.25;
piGp=0.25;
piTp=0.25;
piT1=0.327814570;
piC1=0.192052980;
piA1=0.248344371;
piG1=0.231788079;
piT2=0.327814570;
piC2=0.195364238;
piA2=0.248344371;
piG2=0.228476821;
piT3=0.276836158;
piC3=0.248587571;
piA3=0.231638418;
piG3=0.242937853;
piT4=0.297202797;
piC4=0.230769231;
piA4=0.244755245;
piG4=0.227272727;
