rACp=2.1685;
rAGp=7.5808;
rATp=1;
rCGp=2.1685;
rTCp=7.5808;
rTGp=1;
piAp=0.25;
piCp=0.25;
piGp=0.25;
piTp=0.25;
piT1=0.306896552;
piC1=0.231034483;
piA1=0.239655172;
piG1=0.222413793;
piT2=0.310344828;
piC2=0.227586207;
piA2=0.241379310;
piG2=0.220689655;
piT3=0.280487805;
piC3=0.217073171;
piA3=0.263414634;
piG3=0.239024390;
piT4=0.301724138;
piC4=0.232758621;
piA4=0.243103448;
piG4=0.222413793;
