rACp=2.5462;
rAGp=4.3906;
rATp=1;
rCGp=2.5462;
rTCp=4.3906;
rTGp=1;
piAp=0.25;
piCp=0.25;
piGp=0.25;
piTp=0.25;
piT1=0.288888889;
piC1=0.249382716;
piA1=0.298765432;
piG1=0.162962963;
piT2=0.286419753;
piC2=0.249382716;
piA2=0.298765432;
piG2=0.165432099;
piT3=0.287634409;
piC3=0.250000000;
piA3=0.298387097;
piG3=0.163978495;
piT4=0.296296296;
piC4=0.241975309;
piA4=0.288888889;
piG4=0.172839506;
