rACp=2.0987;
rAGp=7.8419;
rATp=2.0987;
rCGp=1;
rTCp=7.8419;
rTGp=1;
piAp=0.25;
piCp=0.25;
piGp=0.25;
piTp=0.25;
piT1=0.214511041;
piC1=0.271293375;
piA1=0.274447950;
piG1=0.239747634;
piT2=0.214511041;
piC2=0.271293375;
piA2=0.268138801;
piG2=0.246056782;
piT3=0.209523810;
piC3=0.269841270;
piA3=0.279365079;
piG3=0.241269841;
piT4=0.217665615;
piC4=0.264984227;
piA4=0.274447950;
piG4=0.242902208;
