rACp=0.6809;
rAGp=2.6287;
rATp=0.6809;
rCGp=1;
rTCp=2.6287;
rTGp=1;
piAp=0.25;
piCp=0.25;
piGp=0.25;
piTp=0.25;
piT1=0.259259259;
piC1=0.185185185;
piA1=0.279202279;
piG1=0.276353276;
piT2=0.250728863;
piC2=0.192419825;
piA2=0.282798834;
piG2=0.274052478;
piT3=0.252747253;
piC3=0.194139194;
piA3=0.274725275;
piG3=0.278388278;
piT4=0.247863248;
piC4=0.205128205;
piA4=0.267806268;
piG4=0.279202279;
