rACp=1;
rAGp=3.5353;
rATp=1;
rCGp=1;
rTCp=3.5353;
rTGp=1;
piAp=0.25;
piCp=0.25;
piGp=0.25;
piTp=0.25;
piT1=0.300319489;
piC1=0.246006390;
piA1=0.242811502;
piG1=0.210862620;
piT2=0.300319489;
piC2=0.246006390;
piA2=0.242811502;
piG2=0.210862620;
piT3=0.293617021;
piC3=0.246808511;
piA3=0.234042553;
piG3=0.225531915;
piT4=0.295819936;
piC4=0.247588424;
piA4=0.247588424;
piG4=0.209003215;
