rACp=2.1108;
rAGp=3.6304;
rATp=2.1108;
rCGp=1;
rTCp=3.6304;
rTGp=1;
piAp=0.25;
piCp=0.25;
piGp=0.25;
piTp=0.25;
piT1=0.367003367;
piC1=0.340067340;
piA1=0.138047138;
piG1=0.154882155;
piT2=0.278688525;
piC2=0.193442623;
piA2=0.281967213;
piG2=0.245901639;
piT3=0.239543726;
piC3=0.182509506;
piA3=0.300380228;
piG3=0.277566540;
piT4=0.268211921;
piC4=0.192052980;
piA4=0.291390728;
piG4=0.248344371;
