rACp=1.9737;
rAGp=4.6301;
rATp=1;
rCGp=1.9737;
rTCp=4.6301;
rTGp=1;
piAp=0.25;
piCp=0.25;
piGp=0.25;
piTp=0.25;
piT1=0.250000000;
piC1=0.224025974;
piA1=0.266233766;
piG1=0.259740260;
piT2=0.250000000;
piC2=0.227272727;
piA2=0.259740260;
piG2=0.262987013;
piT3=0.260726073;
piC3=0.214521452;
piA3=0.264026403;
piG3=0.260726073;
piT4=0.237012987;
piC4=0.237012987;
piA4=0.259740260;
piG4=0.266233766;
