rACp=1;
rAGp=2.9672;
rATp=1;
rCGp=1;
rTCp=2.9672;
rTGp=1;
piAp=0.25;
piCp=0.25;
piGp=0.25;
piTp=0.25;
piT1=0.276353276;
piC1=0.256410256;
piA1=0.227920228;
piG1=0.239316239;
piT2=0.272727273;
piC2=0.255681818;
piA2=0.235795455;
piG2=0.235795455;
piT3=0.283667622;
piC3=0.240687679;
piA3=0.232091691;
piG3=0.243553009;
piT4=0.271386431;
piC4=0.256637168;
piA4=0.215339233;
piG4=0.256637168;
