rACp=1;
rAGp=4.3583;
rATp=1.5695;
rCGp=1.5695;
rTCp=7.2293;
rTGp=1;
piAp=0.25;
piCp=0.25;
piGp=0.25;
piTp=0.25;
piT1=0.316301703;
piC1=0.240875912;
piA1=0.238442822;
piG1=0.204379562;
piT2=0.316301703;
piC2=0.243309002;
piA2=0.240875912;
piG2=0.199513382;
piT3=0.330827068;
piC3=0.230576441;
piA3=0.238095238;
piG3=0.200501253;
piT4=0.323600973;
piC4=0.240875912;
piA4=0.236009732;
piG4=0.199513382;
