rACp=1;
rAGp=4.1846;
rATp=1;
rCGp=1;
rTCp=4.1846;
rTGp=1;
piAp=0.2175;
piCp=0.2722;
piGp=0.2833;
piTp=0.2269;
piT1=0.232804233;
piC1=0.269841270;
piA1=0.232804233;
piG1=0.264550265;
piT2=0.238095238;
piC2=0.275132275;
piA2=0.222222222;
piG2=0.264550265;
piT3=0.222222222;
piC3=0.269841270;
piA3=0.222222222;
piG3=0.285714286;
piT4=0.229946524;
piC4=0.262032086;
piA4=0.219251337;
piG4=0.288770053;
