rACp=1;
rAGp=3.5033;
rATp=1;
rCGp=1;
rTCp=2.2444;
rTGp=1;
piAp=0.3405;
piCp=0.2012;
piGp=0.1357;
piTp=0.3226;
piT1=0.320000000;
piC1=0.203636364;
piA1=0.345454545;
piG1=0.130909091;
piT2=0.320000000;
piC2=0.203636364;
piA2=0.345454545;
piG2=0.130909091;
piT3=0.324468085;
piC3=0.228723404;
piA3=0.324468085;
piG3=0.122340426;
piT4=0.310218978;
piC4=0.215328467;
piA4=0.346715328;
piG4=0.127737226;
