rACp=1;
rAGp=3.7148;
rATp=1;
rCGp=1;
rTCp=3.7148;
rTGp=1;
piAp=0.25;
piCp=0.25;
piGp=0.25;
piTp=0.25;
piT1=0.299625468;
piC1=0.247191011;
piA1=0.232209738;
piG1=0.220973783;
piT2=0.288389513;
piC2=0.262172285;
piA2=0.228464419;
piG2=0.220973783;
piT3=0.300751880;
piC3=0.263157895;
piA3=0.218045113;
piG3=0.218045113;
piT4=0.307116105;
piC4=0.258426966;
piA4=0.205992509;
piG4=0.228464419;
