rACp=1.5863;
rAGp=5.6672;
rATp=1;
rCGp=1.5863;
rTCp=3.8458;
rTGp=1;
piAp=0.25;
piCp=0.25;
piGp=0.25;
piTp=0.25;
piT1=0.274285714;
piC1=0.248571429;
piA1=0.294285714;
piG1=0.182857143;
piT2=0.260000000;
piC2=0.260000000;
piA2=0.300000000;
piG2=0.180000000;
piT3=0.238636364;
piC3=0.276515152;
piA3=0.268939394;
piG3=0.215909091;
piT4=0.270348837;
piC4=0.247093023;
piA4=0.293604651;
piG4=0.188953488;
