rACp=1.7321;
rAGp=4.3455;
rATp=1;
rCGp=1.7321;
rTCp=4.3455;
rTGp=1;
piAp=0.25;
piCp=0.25;
piGp=0.25;
piTp=0.25;
piT1=0.234657040;
piC1=0.227436823;
piA1=0.310469314;
piG1=0.227436823;
piT2=0.241877256;
piC2=0.216606498;
piA2=0.303249097;
piG2=0.238267148;
piT3=0.232704403;
piC3=0.264150943;
piA3=0.301886792;
piG3=0.201257862;
piT4=0.221276596;
piC4=0.263829787;
piA4=0.302127660;
piG4=0.212765957;
