rACp=1;
rAGp=4.2102;
rATp=1;
rCGp=1;
rTCp=4.2102;
rTGp=1;
piAp=0.25;
piCp=0.25;
piGp=0.25;
piTp=0.25;
piT1=0.276978417;
piC1=0.262589928;
piA1=0.237410072;
piG1=0.223021583;
piT2=0.262589928;
piC2=0.276978417;
piA2=0.237410072;
piG2=0.223021583;
piT3=0.277551020;
piC3=0.273469388;
piA3=0.257142857;
piG3=0.191836735;
piT4=0.277153558;
piC4=0.250936330;
piA4=0.273408240;
piG4=0.198501873;
