rACp=1;
rAGp=3.4464;
rATp=1;
rCGp=1;
rTCp=1.9821;
rTGp=1;
piAp=0.2027;
piCp=0.2122;
piGp=0.3027;
piTp=0.2824;
piT1=0.289017341;
piC1=0.208092486;
piA1=0.219653179;
piG1=0.283236994;
piT2=0.289017341;
piC2=0.213872832;
piA2=0.208092486;
piG2=0.289017341;
piT3=0.275862069;
piC3=0.235632184;
piA3=0.178160920;
piG3=0.310344828;
piT4=0.258620690;
piC4=0.229885057;
piA4=0.172413793;
piG4=0.339080460;
