rACp=0.3752;
rAGp=1.8846;
rATp=0.3752;
rCGp=1;
rTCp=1.8846;
rTGp=1;
piAp=0.25;
piCp=0.25;
piGp=0.25;
piTp=0.25;
piT1=0.333333333;
piC1=0.174129353;
piA1=0.278606965;
piG1=0.213930348;
piT2=0.322222222;
piC2=0.177777778;
piA2=0.300000000;
piG2=0.200000000;
piT3=0.308457711;
piC3=0.194029851;
piA3=0.288557214;
piG3=0.208955224;
piT4=0.328358209;
piC4=0.174129353;
piA4=0.278606965;
piG4=0.218905473;
