rACp=1;
rAGp=4.8247;
rATp=1.7152;
rCGp=1.7152;
rTCp=4.8247;
rTGp=1;
piAp=0.25;
piCp=0.25;
piGp=0.25;
piTp=0.25;
piT1=0.222222222;
piC1=0.232804233;
piA1=0.248677249;
piG1=0.296296296;
piT2=0.238095238;
piC2=0.216931217;
piA2=0.243386243;
piG2=0.301587302;
piT3=0.227513228;
piC3=0.238095238;
piA3=0.243386243;
piG3=0.291005291;
piT4=0.238095238;
piC4=0.248677249;
piA4=0.227513228;
piG4=0.285714286;
