rACp=0.6736;
rAGp=3.1977;
rATp=1;
rCGp=0.6736;
rTCp=3.1977;
rTGp=1;
piAp=0.25;
piCp=0.25;
piGp=0.25;
piTp=0.25;
piT1=0.267527675;
piC1=0.223247232;
piA1=0.291512915;
piG1=0.217712177;
piT2=0.263837638;
piC2=0.223247232;
piA2=0.287822878;
piG2=0.225092251;
piT3=0.265486726;
piC3=0.218289086;
piA3=0.265486726;
piG3=0.250737463;
piT4=0.258302583;
piC4=0.230627306;
piA4=0.289667897;
piG4=0.221402214;
