rACp=0.6595;
rAGp=4.3428;
rATp=0.6595;
rCGp=1;
rTCp=2.7502;
rTGp=1;
piAp=0.25;
piCp=0.25;
piGp=0.25;
piTp=0.25;
piT1=0.232323232;
piC1=0.219696970;
piA1=0.315656566;
piG1=0.232323232;
piT2=0.232323232;
piC2=0.214646465;
piA2=0.325757576;
piG2=0.227272727;
piT3=0.216463415;
piC3=0.231707317;
piA3=0.335365854;
piG3=0.216463415;
piT4=0.199468085;
piC4=0.226063830;
piA4=0.295212766;
piG4=0.279255319;
