rACp=2.8954;
rAGp=4.4982;
rATp=1;
rCGp=2.8954;
rTCp=4.4982;
rTGp=1;
piAp=0.2749;
piCp=0.1746;
piGp=0.1700;
piTp=0.3805;
piT1=0.383620690;
piC1=0.176724138;
piA1=0.271551724;
piG1=0.168103448;
piT2=0.385593220;
piC2=0.173728814;
piA2=0.279661017;
piG2=0.161016949;
piT3=0.402173913;
piC3=0.168478261;
piA3=0.282608696;
piG3=0.146739130;
piT4=0.384615385;
piC4=0.183760684;
piA4=0.282051282;
piG4=0.149572650;
