rACp=0.291;
rAGp=1.7449;
rATp=0.291;
rCGp=1;
rTCp=1.7449;
rTGp=1;
piAp=0.25;
piCp=0.25;
piGp=0.25;
piTp=0.25;
piT1=0.299674267;
piC1=0.188925081;
piA1=0.299674267;
piG1=0.211726384;
piT2=0.309446254;
piC2=0.179153094;
piA2=0.302931596;
piG2=0.208469055;
piT3=0.294545455;
piC3=0.203636364;
piA3=0.316363636;
piG3=0.185454545;
piT4=0.273504274;
piC4=0.217948718;
piA4=0.303418803;
piG4=0.205128205;
