rACp=1;
rAGp=4.9619;
rATp=1;
rCGp=1;
rTCp=4.9619;
rTGp=1;
piAp=0.25;
piCp=0.25;
piGp=0.25;
piTp=0.25;
piT1=0.258064516;
piC1=0.189964158;
piA1=0.293906810;
piG1=0.258064516;
piT2=0.252669039;
piC2=0.199288256;
piA2=0.284697509;
piG2=0.263345196;
piT3=0.250896057;
piC3=0.200716846;
piA3=0.297491039;
piG3=0.250896057;
piT4=0.257352941;
piC4=0.198529412;
piA4=0.290441176;
piG4=0.253676471;
