rACp=2.1656;
rAGp=2.55;
rATp=1;
rCGp=2.1656;
rTCp=4.4444;
rTGp=1;
piAp=0.3414;
piCp=0.1267;
piGp=0.1785;
piTp=0.3535;
piT1=0.352226721;
piC1=0.121457490;
piA1=0.348178138;
piG1=0.178137652;
piT2=0.367521368;
piC2=0.119658120;
piA2=0.337606838;
piG2=0.175213675;
piT3=0.412698413;
piC3=0.084656085;
piA3=0.333333333;
piG3=0.169312169;
piT4=0.352941176;
piC4=0.117647059;
piA4=0.352941176;
piG4=0.176470588;
