rACp=0.8868;
rAGp=2.4619;
rATp=0.5414;
rCGp=3.1921;
rTCp=4.1721;
rTGp=1;
piAp=0.3669;
piCp=0.1672;
piGp=0.1609;
piTp=0.3050;
piT1=0.296829971;
piC1=0.172910663;
piA1=0.368876081;
piG1=0.161383285;
piT2=0.308357349;
piC2=0.164265130;
piA2=0.368876081;
piG2=0.158501441;
piT3=0.287878788;
piC3=0.174242424;
piA3=0.382575758;
piG3=0.155303030;
piT4=0.285302594;
piC4=0.181556196;
piA4=0.377521614;
piG4=0.155619597;
