rACp=1;
rAGp=3.8138;
rATp=1;
rCGp=1;
rTCp=2.4067;
rTGp=1;
piAp=0.25;
piCp=0.25;
piGp=0.25;
piTp=0.25;
piT1=0.236842105;
piC1=0.230263158;
piA1=0.309210526;
piG1=0.223684211;
piT2=0.236842105;
piC2=0.236842105;
piA2=0.289473684;
piG2=0.236842105;
piT3=0.243055556;
piC3=0.222222222;
piA3=0.298611111;
piG3=0.236111111;
piT4=0.250000000;
piC4=0.223684211;
piA4=0.282894737;
piG4=0.243421053;
