rACp=0.6844;
rAGp=3.3331;
rATp=0.5714;
rCGp=2.2964;
rTCp=3.3331;
rTGp=1;
piAp=0.25;
piCp=0.25;
piGp=0.25;
piTp=0.25;
piT1=0.329048843;
piC1=0.167095116;
piA1=0.313624679;
piG1=0.190231362;
piT2=0.316195373;
piC2=0.182519280;
piA2=0.311053985;
piG2=0.190231362;
piT3=0.293859649;
piC3=0.184210526;
piA3=0.328947368;
piG3=0.192982456;
piT4=0.305263158;
piC4=0.176315789;
piA4=0.300000000;
piG4=0.218421053;
