rACp=0.5883;
rAGp=0.9802;
rATp=0.5883;
rCGp=1;
rTCp=1.987;
rTGp=1;
piAp=0.25;
piCp=0.25;
piGp=0.25;
piTp=0.25;
piT1=0.304347826;
piC1=0.211180124;
piA1=0.304347826;
piG1=0.180124224;
piT2=0.316770186;
piC2=0.223602484;
piA2=0.291925466;
piG2=0.167701863;
piT3=0.316546763;
piC3=0.215827338;
piA3=0.287769784;
piG3=0.179856115;
piT4=0.310559006;
piC4=0.204968944;
piA4=0.291925466;
piG4=0.192546584;
