rACp=1;
rAGp=3.1433;
rATp=1;
rCGp=1;
rTCp=3.1433;
rTGp=1;
piAp=0.25;
piCp=0.25;
piGp=0.25;
piTp=0.25;
piT1=0.210526316;
piC1=0.267543860;
piA1=0.241228070;
piG1=0.280701754;
piT2=0.236842105;
piC2=0.250000000;
piA2=0.254385965;
piG2=0.258771930;
piT3=0.232456140;
piC3=0.258771930;
piA3=0.250000000;
piG3=0.258771930;
piT4=0.232456140;
piC4=0.254385965;
piA4=0.254385965;
piG4=0.258771930;
