rACp=1;
rAGp=2.7305;
rATp=1;
rCGp=1;
rTCp=2.7305;
rTGp=1;
piAp=0.25;
piCp=0.25;
piGp=0.25;
piTp=0.25;
piT1=0.189873418;
piC1=0.303797468;
piA1=0.246835443;
piG1=0.259493671;
piT2=0.215469613;
piC2=0.325966851;
piA2=0.232044199;
piG2=0.226519337;
piT3=0.215469613;
piC3=0.331491713;
piA3=0.204419890;
piG3=0.248618785;
piT4=0.204419890;
piC4=0.325966851;
piA4=0.220994475;
piG4=0.248618785;
