rACp=1;
rAGp=5.4122;
rATp=1.5008;
rCGp=1.5008;
rTCp=5.4122;
rTGp=1;
piAp=0.25;
piCp=0.25;
piGp=0.25;
piTp=0.25;
piT1=0.286995516;
piC1=0.233183857;
piA1=0.257847534;
piG1=0.221973094;
piT2=0.291479821;
piC2=0.230941704;
piA2=0.260089686;
piG2=0.217488789;
piT3=0.284722222;
piC3=0.232638889;
piA3=0.281250000;
piG3=0.201388889;
piT4=0.308045977;
piC4=0.222988506;
piA4=0.282758621;
piG4=0.186206897;
