rACp=1;
rAGp=4.3474;
rATp=1;
rCGp=1;
rTCp=4.3474;
rTGp=1;
piAp=0.25;
piCp=0.25;
piGp=0.25;
piTp=0.25;
piT1=0.296666667;
piC1=0.173333333;
piA1=0.316666667;
piG1=0.213333333;
piT2=0.296666667;
piC2=0.170000000;
piA2=0.310000000;
piG2=0.223333333;
piT3=0.316279070;
piC3=0.162790698;
piA3=0.316279070;
piG3=0.204651163;
piT4=0.290000000;
piC4=0.173333333;
piA4=0.303333333;
piG4=0.233333333;
