rACp=0.4862;
rAGp=2.6806;
rATp=0.4862;
rCGp=1;
rTCp=2.6806;
rTGp=1;
piAp=0.25;
piCp=0.25;
piGp=0.25;
piTp=0.25;
piT1=0.301115242;
piC1=0.232342007;
piA1=0.276951673;
piG1=0.189591078;
piT2=0.304832714;
piC2=0.228624535;
piA2=0.276951673;
piG2=0.189591078;
piT3=0.308924485;
piC3=0.224256293;
piA3=0.286041190;
piG3=0.180778032;
piT4=0.295454545;
piC4=0.231060606;
piA4=0.282196970;
piG4=0.191287879;
