rACp=1;
rAGp=4.3963;
rATp=2.0038;
rCGp=2.0038;
rTCp=4.3963;
rTGp=1;
piAp=0.25;
piCp=0.25;
piGp=0.25;
piTp=0.25;
piT1=0.285714286;
piC1=0.165413534;
piA1=0.308270677;
piG1=0.240601504;
piT2=0.278195489;
piC2=0.172932331;
piA2=0.315789474;
piG2=0.233082707;
piT3=0.278195489;
piC3=0.172932331;
piA3=0.315789474;
piG3=0.233082707;
piT4=0.267716535;
piC4=0.181102362;
piA4=0.330708661;
piG4=0.220472441;
