rACp=1;
rAGp=7.9254;
rATp=3.3046;
rCGp=3.3046;
rTCp=19.3796;
rTGp=1;
piAp=0.3103;
piCp=0.2749;
piGp=0.2520;
piTp=0.1629;
piT1=0.162500000;
piC1=0.268750000;
piA1=0.318750000;
piG1=0.250000000;
piT2=0.175000000;
piC2=0.262500000;
piA2=0.318750000;
piG2=0.243750000;
piT3=0.162500000;
piC3=0.262500000;
piA3=0.312500000;
piG3=0.262500000;
piT4=0.162500000;
piC4=0.281250000;
piA4=0.331250000;
piG4=0.225000000;
