rACp=0.4989;
rAGp=2.0196;
rATp=0.4989;
rCGp=1;
rTCp=2.0196;
rTGp=1;
piAp=0.25;
piCp=0.25;
piGp=0.25;
piTp=0.25;
piT1=0.300469484;
piC1=0.211267606;
piA1=0.272300469;
piG1=0.215962441;
piT2=0.309859155;
piC2=0.201877934;
piA2=0.272300469;
piG2=0.215962441;
piT3=0.303482587;
piC3=0.179104478;
piA3=0.283582090;
piG3=0.233830846;
piT4=0.310344828;
piC4=0.197044335;
piA4=0.261083744;
piG4=0.231527094;
