rACp=1;
rAGp=3.3009;
rATp=1.4667;
rCGp=1.4667;
rTCp=3.3009;
rTGp=1;
piAp=0.25;
piCp=0.25;
piGp=0.25;
piTp=0.25;
piT1=0.308868502;
piC1=0.201834862;
piA1=0.217125382;
piG1=0.272171254;
piT2=0.305810398;
piC2=0.201834862;
piA2=0.223241590;
piG2=0.269113150;
piT3=0.329824561;
piC3=0.200000000;
piA3=0.192982456;
piG3=0.277192982;
piT4=0.308970100;
piC4=0.196013289;
piA4=0.222591362;
piG4=0.272425249;
