rACp=0.4947;
rAGp=1.3916;
rATp=0.4947;
rCGp=1;
rTCp=1.3916;
rTGp=1;
piAp=0.25;
piCp=0.25;
piGp=0.25;
piTp=0.25;
piT1=0.344262295;
piC1=0.114754098;
piA1=0.316939891;
piG1=0.224043716;
piT2=0.344262295;
piC2=0.109289617;
piA2=0.316939891;
piG2=0.229508197;
piT3=0.310344828;
piC3=0.131034483;
piA3=0.358620690;
piG3=0.200000000;
piT4=0.333333333;
piC4=0.109195402;
piA4=0.316091954;
piG4=0.241379310;
