rACp=0.4682;
rAGp=3.1182;
rATp=0.4682;
rCGp=1;
rTCp=1.8987;
rTGp=1;
piAp=0.2825;
piCp=0.2218;
piGp=0.1853;
piTp=0.3104;
piT1=0.308571429;
piC1=0.220000000;
piA1=0.288571429;
piG1=0.182857143;
piT2=0.305714286;
piC2=0.222857143;
piA2=0.282857143;
piG2=0.188571429;
piT3=0.316964286;
piC3=0.241071429;
piA3=0.281250000;
piG3=0.160714286;
piT4=0.317002882;
piC4=0.221902017;
piA4=0.285302594;
piG4=0.175792507;
