rACp=2.1211;
rAGp=2.933;
rATp=2.1211;
rCGp=1;
rTCp=2.933;
rTGp=1;
piAp=0.25;
piCp=0.25;
piGp=0.25;
piTp=0.25;
piT1=0.238993711;
piC1=0.245283019;
piA1=0.276729560;
piG1=0.238993711;
piT2=0.232704403;
piC2=0.251572327;
piA2=0.270440252;
piG2=0.245283019;
piT3=0.223880597;
piC3=0.261194030;
piA3=0.238805970;
piG3=0.276119403;
piT4=0.231343284;
piC4=0.261194030;
piA4=0.246268657;
piG4=0.261194030;
