rACp=0.2606;
rAGp=1.2857;
rATp=0.2606;
rCGp=1;
rTCp=1.2857;
rTGp=1;
piAp=0.3388;
piCp=0.1740;
piGp=0.1357;
piTp=0.3515;
piT1=0.353612167;
piC1=0.174904943;
piA1=0.334600760;
piG1=0.136882129;
piT2=0.358490566;
piC2=0.169811321;
piA2=0.335849057;
piG2=0.135849057;
piT3=0.352490421;
piC3=0.180076628;
piA3=0.329501916;
piG3=0.137931034;
piT4=0.352272727;
piC4=0.166666667;
piA4=0.337121212;
piG4=0.143939394;
