rACp=1;
rAGp=3.7744;
rATp=1;
rCGp=1;
rTCp=3.7744;
rTGp=1;
piAp=0.25;
piCp=0.25;
piGp=0.25;
piTp=0.25;
piT1=0.249056604;
piC1=0.218867925;
piA1=0.294339623;
piG1=0.237735849;
piT2=0.252830189;
piC2=0.211320755;
piA2=0.294339623;
piG2=0.241509434;
piT3=0.263473054;
piC3=0.233532934;
piA3=0.269461078;
piG3=0.233532934;
piT4=0.256603774;
piC4=0.211320755;
piA4=0.294339623;
piG4=0.237735849;
