rACp=1.2083;
rAGp=4.7412;
rATp=1.3487;
rCGp=2.4237;
rTCp=4.7412;
rTGp=1;
piAp=0.25;
piCp=0.25;
piGp=0.25;
piTp=0.25;
piT1=0.280612245;
piC1=0.238095238;
piA1=0.263605442;
piG1=0.217687075;
piT2=0.273809524;
piC2=0.248299320;
piA2=0.261904762;
piG2=0.215986395;
piT3=0.271293375;
piC3=0.239747634;
piA3=0.264984227;
piG3=0.223974763;
piT4=0.272232305;
piC4=0.257713249;
piA4=0.263157895;
piG4=0.206896552;
