rACp=1.7768;
rAGp=5.1727;
rATp=1;
rCGp=1.7768;
rTCp=5.1727;
rTGp=1;
piAp=0.25;
piCp=0.25;
piGp=0.25;
piTp=0.25;
piT1=0.293040293;
piC1=0.216117216;
piA1=0.269230769;
piG1=0.221611722;
piT2=0.293040293;
piC2=0.216117216;
piA2=0.269230769;
piG2=0.221611722;
piT3=0.285012285;
piC3=0.213759214;
piA3=0.275184275;
piG3=0.226044226;
piT4=0.297247706;
piC4=0.205504587;
piA4=0.264220183;
piG4=0.233027523;
