rACp=1.8912;
rAGp=4.7327;
rATp=1;
rCGp=1.8912;
rTCp=4.7327;
rTGp=1;
piAp=0.25;
piCp=0.25;
piGp=0.25;
piTp=0.25;
piT1=0.223776224;
piC1=0.181818182;
piA1=0.335664336;
piG1=0.258741259;
piT2=0.230769231;
piC2=0.174825175;
piA2=0.353146853;
piG2=0.241258741;
piT3=0.198156682;
piC3=0.188940092;
piA3=0.345622120;
piG3=0.267281106;
piT4=0.228070175;
piC4=0.200000000;
piA4=0.326315789;
piG4=0.245614035;
