rACp=0.4286;
rAGp=4.5669;
rATp=0.8282;
rCGp=2.0136;
rTCp=4.5669;
rTGp=1;
piAp=0.25;
piCp=0.25;
piGp=0.25;
piTp=0.25;
piT1=0.290254237;
piC1=0.258474576;
piA1=0.290254237;
piG1=0.161016949;
piT2=0.288135593;
piC2=0.258474576;
piA2=0.292372881;
piG2=0.161016949;
piT3=0.275482094;
piC3=0.275482094;
piA3=0.280991736;
piG3=0.168044077;
piT4=0.273913043;
piC4=0.258695652;
piA4=0.295652174;
piG4=0.171739130;
