rACp=0.6478;
rAGp=2.2587;
rATp=0.4702;
rCGp=2.433;
rTCp=3.4695;
rTGp=1;
piAp=0.25;
piCp=0.25;
piGp=0.25;
piTp=0.25;
piT1=0.291196388;
piC1=0.180586907;
piA1=0.340857788;
piG1=0.187358916;
piT2=0.291196388;
piC2=0.180586907;
piA2=0.340857788;
piG2=0.187358916;
piT3=0.270967742;
piC3=0.209677419;
piA3=0.296774194;
piG3=0.222580645;
piT4=0.286681716;
piC4=0.182844244;
piA4=0.338600451;
piG4=0.191873589;
