rACp=1;
rAGp=2.6387;
rATp=1;
rCGp=1;
rTCp=2.6387;
rTGp=1;
piAp=0.25;
piCp=0.25;
piGp=0.25;
piTp=0.25;
piT1=0.254629630;
piC1=0.189814815;
piA1=0.282407407;
piG1=0.273148148;
piT2=0.245370370;
piC2=0.194444444;
piA2=0.277777778;
piG2=0.282407407;
piT3=0.247524752;
piC3=0.207920792;
piA3=0.282178218;
piG3=0.262376238;
piT4=0.236111111;
piC4=0.208333333;
piA4=0.277777778;
piG4=0.277777778;
