rACp=1;
rAGp=3.5817;
rATp=1;
rCGp=1;
rTCp=3.5817;
rTGp=1;
piAp=0.25;
piCp=0.25;
piGp=0.25;
piTp=0.25;
piT1=0.276231263;
piC1=0.237687366;
piA1=0.256959315;
piG1=0.229122056;
piT2=0.293361884;
piC2=0.216274090;
piA2=0.267665953;
piG2=0.222698073;
piT3=0.275184275;
piC3=0.228501229;
piA3=0.270270270;
piG3=0.226044226;
piT4=0.249329759;
piC4=0.249329759;
piA4=0.278820375;
piG4=0.222520107;
