rACp=1;
rAGp=2.4525;
rATp=1;
rCGp=1;
rTCp=2.4525;
rTGp=1;
piAp=0.2003;
piCp=0.3491;
piGp=0.1868;
piTp=0.2638;
piT1=0.248275862;
piC1=0.358620690;
piA1=0.213793103;
piG1=0.179310345;
piT2=0.255172414;
piC2=0.344827586;
piA2=0.206896552;
piG2=0.193103448;
piT3=0.257142857;
piC3=0.335714286;
piA3=0.200000000;
piG3=0.207142857;
piT4=0.234482759;
piC4=0.358620690;
piA4=0.193103448;
piG4=0.213793103;
