rACp=1;
rAGp=3.2654;
rATp=1;
rCGp=1;
rTCp=3.2654;
rTGp=1;
piAp=0.25;
piCp=0.25;
piGp=0.25;
piTp=0.25;
piT1=0.230263158;
piC1=0.197368421;
piA1=0.335526316;
piG1=0.236842105;
piT2=0.230263158;
piC2=0.210526316;
piA2=0.322368421;
piG2=0.236842105;
piT3=0.255033557;
piC3=0.174496644;
piA3=0.322147651;
piG3=0.248322148;
piT4=0.250000000;
piC4=0.184210526;
piA4=0.302631579;
piG4=0.263157895;
