rACp=1;
rAGp=5.6475;
rATp=1.8398;
rCGp=1.8398;
rTCp=5.6475;
rTGp=1;
piAp=0.25;
piCp=0.25;
piGp=0.25;
piTp=0.25;
piT1=0.211009174;
piC1=0.201834862;
piA1=0.311926606;
piG1=0.275229358;
piT2=0.215596330;
piC2=0.192660550;
piA2=0.316513761;
piG2=0.275229358;
piT3=0.224770642;
piC3=0.178899083;
piA3=0.307339450;
piG3=0.288990826;
piT4=0.224770642;
piC4=0.178899083;
piA4=0.302752294;
piG4=0.293577982;
