rACp=1.1162;
rAGp=4.833;
rATp=1.0459;
rCGp=2.9827;
rTCp=4.833;
rTGp=1;
piAp=0.2903;
piCp=0.2028;
piGp=0.2144;
piTp=0.2925;
piT1=0.298507463;
piC1=0.201492537;
piA1=0.283582090;
piG1=0.216417910;
piT2=0.298245614;
piC2=0.200501253;
piA2=0.285714286;
piG2=0.215538847;
piT3=0.261398176;
piC3=0.218844985;
piA3=0.294832827;
piG3=0.224924012;
piT4=0.300505051;
piC4=0.194444444;
piA4=0.292929293;
piG4=0.212121212;
