rACp=1;
rAGp=4.8879;
rATp=1.6028;
rCGp=1.6028;
rTCp=3.4292;
rTGp=1;
piAp=0.25;
piCp=0.25;
piGp=0.25;
piTp=0.25;
piT1=0.244680851;
piC1=0.218085106;
piA1=0.321808511;
piG1=0.215425532;
piT2=0.244680851;
piC2=0.218085106;
piA2=0.319148936;
piG2=0.218085106;
piT3=0.246056782;
piC3=0.192429022;
piA3=0.340694006;
piG3=0.220820189;
piT4=0.234636872;
piC4=0.209497207;
piA4=0.310055866;
piG4=0.245810056;
