rACp=2.4326;
rAGp=4.9602;
rATp=1;
rCGp=2.4326;
rTCp=2.5933;
rTGp=1;
piAp=0.25;
piCp=0.25;
piGp=0.25;
piTp=0.25;
piT1=0.200000000;
piC1=0.243750000;
piA1=0.343750000;
piG1=0.212500000;
piT2=0.200000000;
piC2=0.243750000;
piA2=0.343750000;
piG2=0.212500000;
piT3=0.200000000;
piC3=0.262500000;
piA3=0.337500000;
piG3=0.200000000;
piT4=0.201298701;
piC4=0.240259740;
piA4=0.324675325;
piG4=0.233766234;
