rACp=1;
rAGp=4.8521;
rATp=1;
rCGp=1;
rTCp=4.8521;
rTGp=1;
piAp=0.25;
piCp=0.25;
piGp=0.25;
piTp=0.25;
piT1=0.317901235;
piC1=0.182098765;
piA1=0.302469136;
piG1=0.197530864;
piT2=0.314814815;
piC2=0.185185185;
piA2=0.299382716;
piG2=0.200617284;
piT3=0.310469314;
piC3=0.187725632;
piA3=0.292418773;
piG3=0.209386282;
piT4=0.308641975;
piC4=0.197530864;
piA4=0.280864198;
piG4=0.212962963;
