rACp=1;
rAGp=4.2752;
rATp=1.8229;
rCGp=1.8229;
rTCp=4.2752;
rTGp=1;
piAp=0.25;
piCp=0.25;
piGp=0.25;
piTp=0.25;
piT1=0.337423313;
piC1=0.226993865;
piA1=0.251533742;
piG1=0.184049080;
piT2=0.341317365;
piC2=0.227544910;
piA2=0.251497006;
piG2=0.179640719;
piT3=0.365269461;
piC3=0.209580838;
piA3=0.251497006;
piG3=0.173652695;
piT4=0.341317365;
piC4=0.239520958;
piA4=0.239520958;
piG4=0.179640719;
