rACp=1.1089;
rAGp=5.1831;
rATp=0.8488;
rCGp=2.0085;
rTCp=5.1831;
rTGp=1;
piAp=0.25;
piCp=0.25;
piGp=0.25;
piTp=0.25;
piT1=0.265625000;
piC1=0.296875000;
piA1=0.243750000;
piG1=0.193750000;
piT2=0.254189944;
piC2=0.282122905;
piA2=0.268156425;
piG2=0.195530726;
piT3=0.271653543;
piC3=0.295275591;
piA3=0.240157480;
piG3=0.192913386;
piT4=0.253602305;
piC4=0.262247839;
piA4=0.259365994;
piG4=0.224783862;
