rACp=0.5862;
rAGp=3.6435;
rATp=0.5862;
rCGp=1;
rTCp=3.6435;
rTGp=1;
piAp=0.25;
piCp=0.25;
piGp=0.25;
piTp=0.25;
piT1=0.303135889;
piC1=0.233449477;
piA1=0.282229965;
piG1=0.181184669;
piT2=0.299651568;
piC2=0.236933798;
piA2=0.282229965;
piG2=0.181184669;
piT3=0.295833333;
piC3=0.250000000;
piA3=0.262500000;
piG3=0.191666667;
piT4=0.278388278;
piC4=0.267399267;
piA4=0.271062271;
piG4=0.183150183;
