rACp=1.6385;
rAGp=4.5436;
rATp=1;
rCGp=1.6385;
rTCp=4.5436;
rTGp=1;
piAp=0.25;
piCp=0.25;
piGp=0.25;
piTp=0.25;
piT1=0.264026403;
piC1=0.184818482;
piA1=0.306930693;
piG1=0.244224422;
piT2=0.257425743;
piC2=0.188118812;
piA2=0.300330033;
piG2=0.254125413;
piT3=0.266159696;
piC3=0.205323194;
piA3=0.288973384;
piG3=0.239543726;
piT4=0.260726073;
piC4=0.198019802;
piA4=0.283828383;
piG4=0.257425743;
