rACp=1;
rAGp=2.8654;
rATp=1;
rCGp=1;
rTCp=4.1294;
rTGp=1;
piAp=0.25;
piCp=0.25;
piGp=0.25;
piTp=0.25;
piT1=0.283783784;
piC1=0.221621622;
piA1=0.302702703;
piG1=0.191891892;
piT2=0.287634409;
piC2=0.215053763;
piA2=0.293010753;
piG2=0.204301075;
piT3=0.279411765;
piC3=0.202205882;
piA3=0.301470588;
piG3=0.216911765;
piT4=0.298102981;
piC4=0.211382114;
piA4=0.289972900;
piG4=0.200542005;
