rACp=1;
rAGp=1.9984;
rATp=1;
rCGp=1;
rTCp=5.6458;
rTGp=1;
piAp=0.25;
piCp=0.25;
piGp=0.25;
piTp=0.25;
piT1=0.203007519;
piC1=0.270676692;
piA1=0.323308271;
piG1=0.203007519;
piT2=0.203007519;
piC2=0.263157895;
piA2=0.323308271;
piG2=0.210526316;
piT3=0.195488722;
piC3=0.263157895;
piA3=0.323308271;
piG3=0.218045113;
piT4=0.180451128;
piC4=0.293233083;
piA4=0.308270677;
piG4=0.218045113;
