rACp=0.4433;
rAGp=1.7773;
rATp=1;
rCGp=0.4433;
rTCp=1.7773;
rTGp=1;
piAp=0.2346;
piCp=0.3179;
piGp=0.2635;
piTp=0.1840;
piT1=0.199134199;
piC1=0.307359307;
piA1=0.238095238;
piG1=0.255411255;
piT2=0.190476190;
piC2=0.316017316;
piA2=0.238095238;
piG2=0.255411255;
piT3=0.207920792;
piC3=0.316831683;
piA3=0.227722772;
piG3=0.247524752;
piT4=0.205240175;
piC4=0.310043668;
piA4=0.262008734;
piG4=0.222707424;
