rACp=1.4105;
rAGp=4.2866;
rATp=0.7766;
rCGp=2.8316;
rTCp=4.2866;
rTGp=1;
piAp=0.25;
piCp=0.25;
piGp=0.25;
piTp=0.25;
piT1=0.305084746;
piC1=0.186440678;
piA1=0.271186441;
piG1=0.237288136;
piT2=0.305084746;
piC2=0.190677966;
piA2=0.283898305;
piG2=0.220338983;
piT3=0.308056872;
piC3=0.189573460;
piA3=0.293838863;
piG3=0.208530806;
piT4=0.272727273;
piC4=0.212121212;
piA4=0.277056277;
piG4=0.238095238;
