rACp=0.4634;
rAGp=2.1297;
rATp=0.4634;
rCGp=1;
rTCp=2.1297;
rTGp=1;
piAp=0.25;
piCp=0.25;
piGp=0.25;
piTp=0.25;
piT1=0.260869565;
piC1=0.167048055;
piA1=0.327231121;
piG1=0.244851259;
piT2=0.260869565;
piC2=0.164759725;
piA2=0.329519451;
piG2=0.244851259;
piT3=0.259109312;
piC3=0.165991903;
piA3=0.340080972;
piG3=0.234817814;
piT4=0.257075472;
piC4=0.162735849;
piA4=0.330188679;
piG4=0.250000000;
