rACp=1;
rAGp=2.3903;
rATp=1;
rCGp=1;
rTCp=2.3903;
rTGp=1;
piAp=0.25;
piCp=0.25;
piGp=0.25;
piTp=0.25;
piT1=0.326797386;
piC1=0.209150327;
piA1=0.326797386;
piG1=0.137254902;
piT2=0.304147465;
piC2=0.202764977;
piA2=0.336405530;
piG2=0.156682028;
piT3=0.324503311;
piC3=0.205298013;
piA3=0.331125828;
piG3=0.139072848;
piT4=0.313364055;
piC4=0.198156682;
piA4=0.341013825;
piG4=0.147465438;
