rACp=1.5618;
rAGp=3.7099;
rATp=1;
rCGp=1.5618;
rTCp=3.7099;
rTGp=1;
piAp=0.25;
piCp=0.25;
piGp=0.25;
piTp=0.25;
piT1=0.310432570;
piC1=0.246819338;
piA1=0.254452926;
piG1=0.188295165;
piT2=0.311224490;
piC2=0.239795918;
piA2=0.244897959;
piG2=0.204081633;
piT3=0.315175097;
piC3=0.221789883;
piA3=0.280155642;
piG3=0.182879377;
piT4=0.307888041;
piC4=0.241730280;
piA4=0.256997455;
piG4=0.193384224;
