rACp=1;
rAGp=6.9844;
rATp=3.1155;
rCGp=3.1155;
rTCp=6.9844;
rTGp=1;
piAp=0.25;
piCp=0.25;
piGp=0.25;
piTp=0.25;
piT1=0.253378378;
piC1=0.209459459;
piA1=0.317567568;
piG1=0.219594595;
piT2=0.250000000;
piC2=0.212837838;
piA2=0.317567568;
piG2=0.219594595;
piT3=0.256944444;
piC3=0.208333333;
piA3=0.315972222;
piG3=0.218750000;
piT4=0.250000000;
piC4=0.212837838;
piA4=0.317567568;
piG4=0.219594595;
