rACp=1;
rAGp=3.3822;
rATp=1.5175;
rCGp=1.5175;
rTCp=3.3822;
rTGp=1;
piAp=0.25;
piCp=0.25;
piGp=0.25;
piTp=0.25;
piT1=0.320512821;
piC1=0.179487179;
piA1=0.282051282;
piG1=0.217948718;
piT2=0.314102564;
piC2=0.182692308;
piA2=0.288461538;
piG2=0.214743590;
piT3=0.314049587;
piC3=0.169421488;
piA3=0.280991736;
piG3=0.235537190;
piT4=0.307692308;
piC4=0.185897436;
piA4=0.294871795;
piG4=0.211538462;
