rACp=1;
rAGp=1.5268;
rATp=1;
rCGp=1;
rTCp=2.7585;
rTGp=1;
piAp=0.25;
piCp=0.25;
piGp=0.25;
piTp=0.25;
piT1=0.305194805;
piC1=0.194805195;
piA1=0.214285714;
piG1=0.285714286;
piT2=0.311688312;
piC2=0.194805195;
piA2=0.214285714;
piG2=0.279220779;
piT3=0.321678322;
piC3=0.181818182;
piA3=0.209790210;
piG3=0.286713287;
piT4=0.300699301;
piC4=0.174825175;
piA4=0.244755245;
piG4=0.279720280;
