rACp=1;
rAGp=3.4001;
rATp=1;
rCGp=1;
rTCp=3.4001;
rTGp=1;
piAp=0.25;
piCp=0.25;
piGp=0.25;
piTp=0.25;
piT1=0.262430939;
piC1=0.204419890;
piA1=0.237569061;
piG1=0.295580110;
piT2=0.267955801;
piC2=0.201657459;
piA2=0.229281768;
piG2=0.301104972;
piT3=0.252525253;
piC3=0.218855219;
piA3=0.208754209;
piG3=0.319865320;
piT4=0.251381215;
piC4=0.218232044;
piA4=0.223756906;
piG4=0.306629834;
