rACp=0.6269;
rAGp=2.7818;
rATp=0.6269;
rCGp=1;
rTCp=2.7818;
rTGp=1;
piAp=0.25;
piCp=0.25;
piGp=0.25;
piTp=0.25;
piT1=0.278450363;
piC1=0.244552058;
piA1=0.271186441;
piG1=0.205811138;
piT2=0.276029056;
piC2=0.249394673;
piA2=0.268765133;
piG2=0.205811138;
piT3=0.279141104;
piC3=0.248466258;
piA3=0.269938650;
piG3=0.202453988;
piT4=0.266081871;
piC4=0.269005848;
piA4=0.266081871;
piG4=0.198830409;
