rACp=1;
rAGp=3.2583;
rATp=1;
rCGp=1;
rTCp=4.4577;
rTGp=1;
piAp=0.25;
piCp=0.25;
piGp=0.25;
piTp=0.25;
piT1=0.291581109;
piC1=0.248459959;
piA1=0.219712526;
piG1=0.240246407;
piT2=0.292181070;
piC2=0.251028807;
piA2=0.218106996;
piG2=0.238683128;
piT3=0.281596452;
piC3=0.239467849;
piA3=0.228381375;
piG3=0.250554324;
piT4=0.285097192;
piC4=0.244060475;
piA4=0.231101512;
piG4=0.239740821;
