rACp=1;
rAGp=5.5907;
rATp=1;
rCGp=1;
rTCp=2.8174;
rTGp=1;
piAp=0.25;
piCp=0.25;
piGp=0.25;
piTp=0.25;
piT1=0.233846154;
piC1=0.224615385;
piA1=0.310769231;
piG1=0.230769231;
piT2=0.233846154;
piC2=0.221538462;
piA2=0.310769231;
piG2=0.233846154;
piT3=0.240506329;
piC3=0.224683544;
piA3=0.306962025;
piG3=0.227848101;
piT4=0.229813665;
piC4=0.226708075;
piA4=0.295031056;
piG4=0.248447205;
