rACp=1;
rAGp=2.1136;
rATp=1;
rCGp=1;
rTCp=2.1136;
rTGp=1;
piAp=0.25;
piCp=0.25;
piGp=0.25;
piTp=0.25;
piT1=0.228782288;
piC1=0.269372694;
piA1=0.225092251;
piG1=0.276752768;
piT2=0.217712177;
piC2=0.284132841;
piA2=0.217712177;
piG2=0.280442804;
piT3=0.221402214;
piC3=0.284132841;
piA3=0.217712177;
piG3=0.276752768;
piT4=0.239852399;
piC4=0.261992620;
piA4=0.221402214;
piG4=0.276752768;
