rACp=0.8947;
rAGp=5.0967;
rATp=1.055;
rCGp=2.9781;
rTCp=2.9163;
rTGp=1;
piAp=0.25;
piCp=0.25;
piGp=0.25;
piTp=0.25;
piT1=0.264000000;
piC1=0.218666667;
piA1=0.296000000;
piG1=0.221333333;
piT2=0.260638298;
piC2=0.220744681;
piA2=0.287234043;
piG2=0.231382979;
piT3=0.262987013;
piC3=0.237012987;
piA3=0.272727273;
piG3=0.227272727;
piT4=0.264150943;
piC4=0.215633423;
piA4=0.288409704;
piG4=0.231805930;
