rACp=1;
rAGp=2.4495;
rATp=1;
rCGp=1;
rTCp=2.4495;
rTGp=1;
piAp=0.25;
piCp=0.25;
piGp=0.25;
piTp=0.25;
piT1=0.274231678;
piC1=0.198581560;
piA1=0.302600473;
piG1=0.224586288;
piT2=0.264775414;
piC2=0.205673759;
piA2=0.304964539;
piG2=0.224586288;
piT3=0.268948655;
piC3=0.205378973;
piA3=0.305623472;
piG3=0.220048900;
piT4=0.274698795;
piC4=0.192771084;
piA4=0.286746988;
piG4=0.245783133;
