rACp=0.6743;
rAGp=3.2151;
rATp=0.6743;
rCGp=1;
rTCp=2.1195;
rTGp=1;
piAp=0.25;
piCp=0.25;
piGp=0.25;
piTp=0.25;
piT1=0.275974026;
piC1=0.266233766;
piA1=0.240259740;
piG1=0.217532468;
piT2=0.272727273;
piC2=0.266233766;
piA2=0.243506494;
piG2=0.217532468;
piT3=0.278571429;
piC3=0.257142857;
piA3=0.264285714;
piG3=0.200000000;
piT4=0.262987013;
piC4=0.272727273;
piA4=0.279220779;
piG4=0.185064935;
