rACp=1.4661;
rAGp=3.1209;
rATp=1.4661;
rCGp=1;
rTCp=3.1209;
rTGp=1;
piAp=0.25;
piCp=0.25;
piGp=0.25;
piTp=0.25;
piT1=0.269685039;
piC1=0.259842520;
piA1=0.226377953;
piG1=0.244094488;
piT2=0.271653543;
piC2=0.253937008;
piA2=0.224409449;
piG2=0.250000000;
piT3=0.275964392;
piC3=0.261127596;
piA3=0.204747774;
piG3=0.258160237;
piT4=0.275793651;
piC4=0.259920635;
piA4=0.220238095;
piG4=0.244047619;
