rACp=1.9308;
rAGp=6.2658;
rATp=1;
rCGp=1.9308;
rTCp=4.2503;
rTGp=1;
piAp=0.25;
piCp=0.25;
piGp=0.25;
piTp=0.25;
piT1=0.286063570;
piC1=0.183374083;
piA1=0.276283619;
piG1=0.254278729;
piT2=0.282926829;
piC2=0.185365854;
piA2=0.273170732;
piG2=0.258536585;
piT3=0.270491803;
piC3=0.199453552;
piA3=0.286885246;
piG3=0.243169399;
piT4=0.254143646;
piC4=0.226519337;
piA4=0.287292818;
piG4=0.232044199;
