rACp=1;
rAGp=4.875;
rATp=1;
rCGp=1;
rTCp=4.875;
rTGp=1;
piAp=0.25;
piCp=0.25;
piGp=0.25;
piTp=0.25;
piT1=0.306818182;
piC1=0.208333333;
piA1=0.303030303;
piG1=0.181818182;
piT2=0.303030303;
piC2=0.212121212;
piA2=0.306818182;
piG2=0.178030303;
piT3=0.295774648;
piC3=0.215962441;
piA3=0.319248826;
piG3=0.169014085;
piT4=0.303030303;
piC4=0.215909091;
piA4=0.295454545;
piG4=0.185606061;
