rACp=1;
rAGp=3.0521;
rATp=1;
rCGp=1;
rTCp=3.0521;
rTGp=1;
piAp=0.25;
piCp=0.25;
piGp=0.25;
piTp=0.25;
piT1=0.296052632;
piC1=0.190789474;
piA1=0.184210526;
piG1=0.328947368;
piT2=0.269736842;
piC2=0.203947368;
piA2=0.197368421;
piG2=0.328947368;
piT3=0.302631579;
piC3=0.177631579;
piA3=0.210526316;
piG3=0.309210526;
piT4=0.302631579;
piC4=0.171052632;
piA4=0.217105263;
piG4=0.309210526;
