rACp=1;
rAGp=3.2047;
rATp=1;
rCGp=1;
rTCp=3.2047;
rTGp=1;
piAp=0.2317;
piCp=0.3367;
piGp=0.2397;
piTp=0.1920;
piT1=0.196261682;
piC1=0.331108144;
piA1=0.236315087;
piG1=0.236315087;
piT2=0.198931909;
piC2=0.328437917;
piA2=0.237650200;
piG2=0.234979973;
piT3=0.180851064;
piC3=0.352836879;
piA3=0.219858156;
piG3=0.246453901;
piT4=0.179968701;
piC4=0.356807512;
piA4=0.225352113;
piG4=0.237871674;
