rACp=1;
rAGp=3.3334;
rATp=1;
rCGp=1;
rTCp=3.3334;
rTGp=1;
piAp=0.25;
piCp=0.25;
piGp=0.25;
piTp=0.25;
piT1=0.256830601;
piC1=0.251366120;
piA1=0.229508197;
piG1=0.262295082;
piT2=0.256830601;
piC2=0.251366120;
piA2=0.240437158;
piG2=0.251366120;
piT3=0.244047619;
piC3=0.250000000;
piA3=0.238095238;
piG3=0.267857143;
piT4=0.246987952;
piC4=0.271084337;
piA4=0.234939759;
piG4=0.246987952;
