rACp=0.6653;
rAGp=2.6004;
rATp=0.6653;
rCGp=1;
rTCp=2.6004;
rTGp=1;
piAp=0.25;
piCp=0.25;
piGp=0.25;
piTp=0.25;
piT1=0.271386431;
piC1=0.209439528;
piA1=0.300884956;
piG1=0.218289086;
piT2=0.269794721;
piC2=0.217008798;
piA2=0.302052786;
piG2=0.211143695;
piT3=0.253112033;
piC3=0.174273859;
piA3=0.327800830;
piG3=0.244813278;
piT4=0.259615385;
piC4=0.198717949;
piA4=0.310897436;
piG4=0.230769231;
