rACp=0.3891;
rAGp=2.4448;
rATp=1;
rCGp=0.3891;
rTCp=2.4448;
rTGp=1;
piAp=0.2820;
piCp=0.3385;
piGp=0.2204;
piTp=0.1591;
piT1=0.158671587;
piC1=0.332103321;
piA1=0.287822878;
piG1=0.221402214;
piT2=0.158671587;
piC2=0.335793358;
piA2=0.291512915;
piG2=0.214022140;
piT3=0.156716418;
piC3=0.354477612;
piA3=0.279850746;
piG3=0.208955224;
piT4=0.152416357;
piC4=0.360594796;
piA4=0.275092937;
piG4=0.211895911;
