rACp=2.8626;
rAGp=5.6243;
rATp=1;
rCGp=2.8626;
rTCp=5.6243;
rTGp=1;
piAp=0.25;
piCp=0.25;
piGp=0.25;
piTp=0.25;
piT1=0.316455696;
piC1=0.215189873;
piA1=0.278481013;
piG1=0.189873418;
piT2=0.316455696;
piC2=0.215189873;
piA2=0.278481013;
piG2=0.189873418;
piT3=0.322727273;
piC3=0.213636364;
piA3=0.281818182;
piG3=0.181818182;
piT4=0.298642534;
piC4=0.217194570;
piA4=0.303167421;
piG4=0.180995475;
