rACp=1.3163;
rAGp=6.3046;
rATp=1.8486;
rCGp=5.2195;
rTCp=6.3046;
rTGp=1;
piAp=0.25;
piCp=0.25;
piGp=0.25;
piTp=0.25;
piT1=0.299492386;
piC1=0.177664975;
piA1=0.258883249;
piG1=0.263959391;
piT2=0.309644670;
piC2=0.172588832;
piA2=0.248730964;
piG2=0.269035533;
piT3=0.311224490;
piC3=0.188775510;
piA3=0.250000000;
piG3=0.250000000;
piT4=0.290816327;
piC4=0.204081633;
piA4=0.260204082;
piG4=0.244897959;
