rACp=1;
rAGp=4.9668;
rATp=1.7533;
rCGp=1.7533;
rTCp=4.9668;
rTGp=1;
piAp=0.25;
piCp=0.25;
piGp=0.25;
piTp=0.25;
piT1=0.244897959;
piC1=0.272108844;
piA1=0.285714286;
piG1=0.197278912;
piT2=0.244897959;
piC2=0.285714286;
piA2=0.285714286;
piG2=0.183673469;
piT3=0.233082707;
piC3=0.263157895;
piA3=0.300751880;
piG3=0.203007519;
piT4=0.220588235;
piC4=0.264705882;
piA4=0.272058824;
piG4=0.242647059;
