rACp=1.8335;
rAGp=4.2392;
rATp=1;
rCGp=1.8335;
rTCp=4.2392;
rTGp=1;
piAp=0.25;
piCp=0.25;
piGp=0.25;
piTp=0.25;
piT1=0.251572327;
piC1=0.257861635;
piA1=0.273584906;
piG1=0.216981132;
piT2=0.251572327;
piC2=0.264150943;
piA2=0.270440252;
piG2=0.213836478;
piT3=0.231075697;
piC3=0.278884462;
piA3=0.250996016;
piG3=0.239043825;
piT4=0.210526316;
piC4=0.244360902;
piA4=0.281954887;
piG4=0.263157895;
