rACp=1;
rAGp=4.6;
rATp=1.7288;
rCGp=1.7288;
rTCp=3.1374;
rTGp=1;
piAp=0.25;
piCp=0.25;
piGp=0.25;
piTp=0.25;
piT1=0.181268882;
piC1=0.265861027;
piA1=0.341389728;
piG1=0.211480363;
piT2=0.184290030;
piC2=0.262839879;
piA2=0.332326284;
piG2=0.220543807;
piT3=0.200956938;
piC3=0.263157895;
piA3=0.287081340;
piG3=0.248803828;
piT4=0.148648649;
piC4=0.292792793;
piA4=0.319819820;
piG4=0.238738739;
