rACp=1;
rAGp=4.8246;
rATp=1.6197;
rCGp=1.6197;
rTCp=4.8246;
rTGp=1;
piAp=0.25;
piCp=0.25;
piGp=0.25;
piTp=0.25;
piT1=0.250000000;
piC1=0.209302326;
piA1=0.325581395;
piG1=0.215116279;
piT2=0.273255814;
piC2=0.197674419;
piA2=0.360465116;
piG2=0.168604651;
piT3=0.251497006;
piC3=0.191616766;
piA3=0.365269461;
piG3=0.191616766;
piT4=0.265060241;
piC4=0.186746988;
piA4=0.355421687;
piG4=0.192771084;
