rACp=0.4655;
rAGp=1.9372;
rATp=1;
rCGp=0.4655;
rTCp=1.9372;
rTGp=1;
piAp=0.25;
piCp=0.25;
piGp=0.25;
piTp=0.25;
piT1=0.253378378;
piC1=0.226351351;
piA1=0.324324324;
piG1=0.195945946;
piT2=0.253378378;
piC2=0.226351351;
piA2=0.317567568;
piG2=0.202702703;
piT3=0.260273973;
piC3=0.246575342;
piA3=0.292237443;
piG3=0.200913242;
piT4=0.262589928;
piC4=0.237410072;
piA4=0.298561151;
piG4=0.201438849;
