rACp=1;
rAGp=3.1286;
rATp=1;
rCGp=1;
rTCp=3.1286;
rTGp=1;
piAp=0.25;
piCp=0.25;
piGp=0.25;
piTp=0.25;
piT1=0.267241379;
piC1=0.186781609;
piA1=0.313218391;
piG1=0.232758621;
piT2=0.272988506;
piC2=0.183908046;
piA2=0.310344828;
piG2=0.232758621;
piT3=0.278745645;
piC3=0.184668990;
piA3=0.303135889;
piG3=0.233449477;
piT4=0.258720930;
piC4=0.180232558;
piA4=0.308139535;
piG4=0.252906977;
