rACp=0.4818;
rAGp=1.9928;
rATp=0.4818;
rCGp=1;
rTCp=1.9928;
rTGp=1;
piAp=0.25;
piCp=0.25;
piGp=0.25;
piTp=0.25;
piT1=0.350877193;
piC1=0.204678363;
piA1=0.292397661;
piG1=0.152046784;
piT2=0.350877193;
piC2=0.204678363;
piA2=0.304093567;
piG2=0.140350877;
piT3=0.350877193;
piC3=0.198830409;
piA3=0.309941520;
piG3=0.140350877;
piT4=0.380116959;
piC4=0.175438596;
piA4=0.286549708;
piG4=0.157894737;
