rACp=0.5798;
rAGp=2.932;
rATp=0.5798;
rCGp=1;
rTCp=2.932;
rTGp=1;
piAp=0.25;
piCp=0.25;
piGp=0.25;
piTp=0.25;
piT1=0.346666667;
piC1=0.173333333;
piA1=0.217777778;
piG1=0.262222222;
piT2=0.345794393;
piC2=0.168224299;
piA2=0.210280374;
piG2=0.275700935;
piT3=0.356725146;
piC3=0.152046784;
piA3=0.192982456;
piG3=0.298245614;
piT4=0.339901478;
piC4=0.147783251;
piA4=0.201970443;
piG4=0.310344828;
