rACp=0.5215;
rAGp=2.4166;
rATp=0.5215;
rCGp=1;
rTCp=2.4166;
rTGp=1;
piAp=0.25;
piCp=0.25;
piGp=0.25;
piTp=0.25;
piT1=0.227941176;
piC1=0.253676471;
piA1=0.231617647;
piG1=0.286764706;
piT2=0.224264706;
piC2=0.257352941;
piA2=0.231617647;
piG2=0.286764706;
piT3=0.220588235;
piC3=0.257352941;
piA3=0.235294118;
piG3=0.286764706;
piT4=0.218518519;
piC4=0.255555556;
piA4=0.225925926;
piG4=0.300000000;
