rACp=1;
rAGp=3.5852;
rATp=1.2809;
rCGp=1.2809;
rTCp=3.5852;
rTGp=1;
piAp=0.2567;
piCp=0.2664;
piGp=0.2899;
piTp=0.1871;
piT1=0.195876289;
piC1=0.257731959;
piA1=0.278350515;
piG1=0.268041237;
piT2=0.195876289;
piC2=0.259793814;
piA2=0.263917526;
piG2=0.280412371;
piT3=0.195219124;
piC3=0.302788845;
piA3=0.231075697;
piG3=0.270916335;
piT4=0.196172249;
piC4=0.272727273;
piA4=0.246411483;
piG4=0.284688995;
