rACp=1;
rAGp=4.4838;
rATp=1.9165;
rCGp=1.9165;
rTCp=4.4838;
rTGp=1;
piAp=0.25;
piCp=0.25;
piGp=0.25;
piTp=0.25;
piT1=0.256830601;
piC1=0.202185792;
piA1=0.251366120;
piG1=0.289617486;
piT2=0.256830601;
piC2=0.202185792;
piA2=0.267759563;
piG2=0.273224044;
piT3=0.251366120;
piC3=0.207650273;
piA3=0.234972678;
piG3=0.306010929;
piT4=0.274853801;
piC4=0.228070175;
piA4=0.222222222;
piG4=0.274853801;
