rACp=0.7947;
rAGp=3.1612;
rATp=0.7199;
rCGp=3.5768;
rTCp=3.1612;
rTGp=1;
piAp=0.25;
piCp=0.25;
piGp=0.25;
piTp=0.25;
piT1=0.275229358;
piC1=0.238532110;
piA1=0.307339450;
piG1=0.178899083;
piT2=0.270642202;
piC2=0.229357798;
piA2=0.316513761;
piG2=0.183486239;
piT3=0.274418605;
piC3=0.232558140;
piA3=0.293023256;
piG3=0.200000000;
piT4=0.274418605;
piC4=0.232558140;
piA4=0.283720930;
piG4=0.209302326;
