rACp=1;
rAGp=3.7431;
rATp=1;
rCGp=1;
rTCp=3.7431;
rTGp=1;
piAp=0.1696;
piCp=0.3070;
piGp=0.3284;
piTp=0.1951;
piT1=0.203252033;
piC1=0.308943089;
piA1=0.166666667;
piG1=0.321138211;
piT2=0.203252033;
piC2=0.308943089;
piA2=0.166666667;
piG2=0.321138211;
piT3=0.203319502;
piC3=0.311203320;
piA3=0.161825726;
piG3=0.323651452;
piT4=0.203252033;
piC4=0.308943089;
piA4=0.166666667;
piG4=0.321138211;
