rACp=1;
rAGp=4.8166;
rATp=1;
rCGp=1;
rTCp=4.8166;
rTGp=1;
piAp=0.25;
piCp=0.25;
piGp=0.25;
piTp=0.25;
piT1=0.337931034;
piC1=0.172413793;
piA1=0.262068966;
piG1=0.227586207;
piT2=0.344827586;
piC2=0.165517241;
piA2=0.262068966;
piG2=0.227586207;
piT3=0.343859649;
piC3=0.164912281;
piA3=0.266666667;
piG3=0.224561404;
piT4=0.337931034;
piC4=0.168965517;
piA4=0.272413793;
piG4=0.220689655;
