rACp=0.4061;
rAGp=1.809;
rATp=0.4061;
rCGp=1;
rTCp=1.809;
rTGp=1;
piAp=0.25;
piCp=0.25;
piGp=0.25;
piTp=0.25;
piT1=0.279069767;
piC1=0.213178295;
piA1=0.259689922;
piG1=0.248062016;
piT2=0.282945736;
piC2=0.213178295;
piA2=0.259689922;
piG2=0.244186047;
piT3=0.261044177;
piC3=0.236947791;
piA3=0.265060241;
piG3=0.236947791;
piT4=0.251046025;
piC4=0.230125523;
piA4=0.246861925;
piG4=0.271966527;
