rACp=1;
rAGp=8.8873;
rATp=2.4602;
rCGp=2.4602;
rTCp=8.8873;
rTGp=1;
piAp=0.25;
piCp=0.25;
piGp=0.25;
piTp=0.25;
piT1=0.284946237;
piC1=0.266129032;
piA1=0.231182796;
piG1=0.217741935;
piT2=0.282258065;
piC2=0.268817204;
piA2=0.233870968;
piG2=0.215053763;
piT3=0.279891304;
piC3=0.266304348;
piA3=0.233695652;
piG3=0.220108696;
piT4=0.271505376;
piC4=0.276881720;
piA4=0.228494624;
piG4=0.223118280;
