rACp=1;
rAGp=4.1841;
rATp=1;
rCGp=1;
rTCp=4.1841;
rTGp=1;
piAp=0.25;
piCp=0.25;
piGp=0.25;
piTp=0.25;
piT1=0.224806202;
piC1=0.250645995;
piA1=0.328165375;
piG1=0.196382429;
piT2=0.223650386;
piC2=0.254498715;
piA2=0.316195373;
piG2=0.205655527;
piT3=0.232704403;
piC3=0.261006289;
piA3=0.327044025;
piG3=0.179245283;
piT4=0.198433420;
piC4=0.266318538;
piA4=0.331592689;
piG4=0.203655352;
