rACp=1.4856;
rAGp=3.9228;
rATp=1;
rCGp=1.4856;
rTCp=3.9228;
rTGp=1;
piAp=0.25;
piCp=0.25;
piGp=0.25;
piTp=0.25;
piT1=0.314606742;
piC1=0.252808989;
piA1=0.230337079;
piG1=0.202247191;
piT2=0.308988764;
piC2=0.247191011;
piA2=0.233146067;
piG2=0.210674157;
piT3=0.288135593;
piC3=0.242937853;
piA3=0.305084746;
piG3=0.163841808;
piT4=0.304794521;
piC4=0.232876712;
piA4=0.222602740;
piG4=0.239726027;
