rACp=1;
rAGp=3.1163;
rATp=1;
rCGp=1;
rTCp=3.1163;
rTGp=1;
piAp=0.25;
piCp=0.25;
piGp=0.25;
piTp=0.25;
piT1=0.256410256;
piC1=0.213675214;
piA1=0.250712251;
piG1=0.279202279;
piT2=0.247863248;
piC2=0.216524217;
piA2=0.250712251;
piG2=0.284900285;
piT3=0.277372263;
piC3=0.218978102;
piA3=0.226277372;
piG3=0.277372263;
piT4=0.275757576;
piC4=0.209090909;
piA4=0.260606061;
piG4=0.254545455;
