rACp=1;
rAGp=2.0282;
rATp=1;
rCGp=1;
rTCp=5.4674;
rTGp=1;
piAp=0.25;
piCp=0.25;
piGp=0.25;
piTp=0.25;
piT1=0.277777778;
piC1=0.208333333;
piA1=0.305555556;
piG1=0.208333333;
piT2=0.282407407;
piC2=0.203703704;
piA2=0.319444444;
piG2=0.194444444;
piT3=0.254437870;
piC3=0.218934911;
piA3=0.289940828;
piG3=0.236686391;
piT4=0.282407407;
piC4=0.203703704;
piA4=0.310185185;
piG4=0.203703704;
