rACp=1;
rAGp=2.5103;
rATp=1;
rCGp=1;
rTCp=2.5103;
rTGp=1;
piAp=0.2985;
piCp=0.2033;
piGp=0.2013;
piTp=0.2968;
piT1=0.284210526;
piC1=0.213157895;
piA1=0.297368421;
piG1=0.205263158;
piT2=0.296587927;
piC2=0.202099738;
piA2=0.296587927;
piG2=0.204724409;
piT3=0.314285714;
piC3=0.194285714;
piA3=0.288571429;
piG3=0.202857143;
piT4=0.302702703;
piC4=0.197297297;
piA4=0.294594595;
piG4=0.205405405;
