rACp=2.4733;
rAGp=5.4553;
rATp=1;
rCGp=2.4733;
rTCp=5.4553;
rTGp=1;
piAp=0.25;
piCp=0.25;
piGp=0.25;
piTp=0.25;
piT1=0.254032258;
piC1=0.213709677;
piA1=0.262096774;
piG1=0.270161290;
piT2=0.269230769;
piC2=0.215384615;
piA2=0.257692308;
piG2=0.257692308;
piT3=0.255319149;
piC3=0.217021277;
piA3=0.238297872;
piG3=0.289361702;
piT4=0.253968254;
piC4=0.238095238;
piA4=0.246031746;
piG4=0.261904762;
