rACp=1.8905;
rAGp=4.7868;
rATp=1;
rCGp=1.8905;
rTCp=4.7868;
rTGp=1;
piAp=0.25;
piCp=0.25;
piGp=0.25;
piTp=0.25;
piT1=0.357142857;
piC1=0.185267857;
piA1=0.225446429;
piG1=0.232142857;
piT2=0.359375000;
piC2=0.185267857;
piA2=0.223214286;
piG2=0.232142857;
piT3=0.342342342;
piC3=0.216216216;
piA3=0.219219219;
piG3=0.222222222;
piT4=0.347533632;
piC4=0.190582960;
piA4=0.242152466;
piG4=0.219730942;
