rACp=1.5839;
rAGp=8.6463;
rATp=1.2101;
rCGp=5.0978;
rTCp=8.6463;
rTGp=1;
piAp=0.25;
piCp=0.25;
piGp=0.25;
piTp=0.25;
piT1=0.293478261;
piC1=0.236413043;
piA1=0.266304348;
piG1=0.203804348;
piT2=0.293478261;
piC2=0.239130435;
piA2=0.266304348;
piG2=0.201086957;
piT3=0.267441860;
piC3=0.255813953;
piA3=0.240310078;
piG3=0.236434109;
piT4=0.279891304;
piC4=0.247282609;
piA4=0.263586957;
piG4=0.209239130;
