rACp=0.5838;
rAGp=2.2884;
rATp=0.5838;
rCGp=1;
rTCp=2.2884;
rTGp=1;
piAp=0.25;
piCp=0.25;
piGp=0.25;
piTp=0.25;
piT1=0.273356401;
piC1=0.204152249;
piA1=0.287197232;
piG1=0.235294118;
piT2=0.259515571;
piC2=0.217993080;
piA2=0.294117647;
piG2=0.228373702;
piT3=0.266932271;
piC3=0.223107570;
piA3=0.282868526;
piG3=0.227091633;
piT4=0.249122807;
piC4=0.228070175;
piA4=0.298245614;
piG4=0.224561404;
