rACp=0.5765;
rAGp=3.1846;
rATp=0.5765;
rCGp=1;
rTCp=2.2074;
rTGp=1;
piAp=0.25;
piCp=0.25;
piGp=0.25;
piTp=0.25;
piT1=0.249376559;
piC1=0.169576060;
piA1=0.339152120;
piG1=0.241895262;
piT2=0.251870324;
piC2=0.169576060;
piA2=0.336658354;
piG2=0.241895262;
piT3=0.261410788;
piC3=0.153526971;
piA3=0.340248963;
piG3=0.244813278;
piT4=0.243654822;
piC4=0.154822335;
piA4=0.342639594;
piG4=0.258883249;
