rACp=2.5441;
rAGp=4.2728;
rATp=1;
rCGp=2.5441;
rTCp=4.2728;
rTGp=1;
piAp=0.25;
piCp=0.25;
piGp=0.25;
piTp=0.25;
piT1=0.313829787;
piC1=0.250000000;
piA1=0.255319149;
piG1=0.180851064;
piT2=0.313829787;
piC2=0.255319149;
piA2=0.250000000;
piG2=0.180851064;
piT3=0.288770053;
piC3=0.240641711;
piA3=0.267379679;
piG3=0.203208556;
piT4=0.288770053;
piC4=0.251336898;
piA4=0.267379679;
piG4=0.192513369;
