rACp=0.5961;
rAGp=1.3799;
rATp=1;
rCGp=0.5961;
rTCp=1.3799;
rTGp=1;
piAp=0.25;
piCp=0.25;
piGp=0.25;
piTp=0.25;
piT1=0.251724138;
piC1=0.255172414;
piA1=0.272413793;
piG1=0.220689655;
piT2=0.251724138;
piC2=0.251724138;
piA2=0.272413793;
piG2=0.224137931;
piT3=0.242214533;
piC3=0.249134948;
piA3=0.280276817;
piG3=0.228373702;
piT4=0.242214533;
piC4=0.249134948;
piA4=0.283737024;
piG4=0.224913495;
