rACp=1;
rAGp=3.3106;
rATp=1.5477;
rCGp=1.5477;
rTCp=4.4344;
rTGp=1;
piAp=0.25;
piCp=0.25;
piGp=0.25;
piTp=0.25;
piT1=0.197297297;
piC1=0.232432432;
piA1=0.324324324;
piG1=0.245945946;
piT2=0.197297297;
piC2=0.227027027;
piA2=0.327027027;
piG2=0.248648649;
piT3=0.187500000;
piC3=0.241477273;
piA3=0.323863636;
piG3=0.247159091;
piT4=0.184065934;
piC4=0.241758242;
piA4=0.340659341;
piG4=0.233516484;
