rACp=0.2905;
rAGp=2.8853;
rATp=0.2905;
rCGp=1;
rTCp=2.8853;
rTGp=1;
piAp=0.25;
piCp=0.25;
piGp=0.25;
piTp=0.25;
piT1=0.287500000;
piC1=0.200000000;
piA1=0.300000000;
piG1=0.212500000;
piT2=0.283333333;
piC2=0.204166667;
piA2=0.300000000;
piG2=0.212500000;
piT3=0.291666667;
piC3=0.200000000;
piA3=0.300000000;
piG3=0.208333333;
piT4=0.293103448;
piC4=0.206896552;
piA4=0.284482759;
piG4=0.215517241;
