rACp=1;
rAGp=3.4795;
rATp=1;
rCGp=1;
rTCp=2.4057;
rTGp=1;
piAp=0.25;
piCp=0.25;
piGp=0.25;
piTp=0.25;
piT1=0.220264317;
piC1=0.211453744;
piA1=0.290748899;
piG1=0.277533040;
piT2=0.268085106;
piC2=0.178723404;
piA2=0.323404255;
piG2=0.229787234;
piT3=0.272000000;
piC3=0.200000000;
piA3=0.272000000;
piG3=0.256000000;
piT4=0.290000000;
piC4=0.160000000;
piA4=0.340000000;
piG4=0.210000000;
