rACp=0.6772;
rAGp=2.854;
rATp=0.6772;
rCGp=1;
rTCp=2.854;
rTGp=1;
piAp=0.25;
piCp=0.25;
piGp=0.25;
piTp=0.25;
piT1=0.278846154;
piC1=0.201923077;
piA1=0.342948718;
piG1=0.176282051;
piT2=0.275641026;
piC2=0.211538462;
piA2=0.346153846;
piG2=0.166666667;
piT3=0.303846154;
piC3=0.215384615;
piA3=0.315384615;
piG3=0.165384615;
piT4=0.287128713;
piC4=0.178217822;
piA4=0.349834983;
piG4=0.184818482;
