rACp=1.5726;
rAGp=5.1047;
rATp=1;
rCGp=1.5726;
rTCp=5.1047;
rTGp=1;
piAp=0.25;
piCp=0.25;
piGp=0.25;
piTp=0.25;
piT1=0.263975155;
piC1=0.220496894;
piA1=0.288819876;
piG1=0.226708075;
piT2=0.263975155;
piC2=0.220496894;
piA2=0.288819876;
piG2=0.226708075;
piT3=0.260869565;
piC3=0.236024845;
piA3=0.279503106;
piG3=0.223602484;
piT4=0.261980831;
piC4=0.242811502;
piA4=0.258785942;
piG4=0.236421725;
