rACp=1.7853;
rAGp=5.0187;
rATp=1;
rCGp=1.7853;
rTCp=5.0187;
rTGp=1;
piAp=0.25;
piCp=0.25;
piGp=0.25;
piTp=0.25;
piT1=0.302721088;
piC1=0.241496599;
piA1=0.244897959;
piG1=0.210884354;
piT2=0.299319728;
piC2=0.248299320;
piA2=0.244897959;
piG2=0.207482993;
piT3=0.294117647;
piC3=0.257352941;
piA3=0.235294118;
piG3=0.213235294;
piT4=0.278911565;
piC4=0.261904762;
piA4=0.244897959;
piG4=0.214285714;
