rACp=0.6588;
rAGp=3.4654;
rATp=0.6588;
rCGp=1;
rTCp=2.3831;
rTGp=1;
piAp=0.25;
piCp=0.25;
piGp=0.25;
piTp=0.25;
piT1=0.309375000;
piC1=0.215625000;
piA1=0.303125000;
piG1=0.171875000;
piT2=0.306250000;
piC2=0.212500000;
piA2=0.306250000;
piG2=0.175000000;
piT3=0.291187739;
piC3=0.214559387;
piA3=0.295019157;
piG3=0.199233716;
piT4=0.310344828;
piC4=0.203761755;
piA4=0.294670846;
piG4=0.191222571;
