rACp=0.4963;
rAGp=2.3717;
rATp=0.4963;
rCGp=1;
rTCp=2.3717;
rTGp=1;
piAp=0.25;
piCp=0.25;
piGp=0.25;
piTp=0.25;
piT1=0.338753388;
piC1=0.197831978;
piA1=0.289972900;
piG1=0.173441734;
piT2=0.338753388;
piC2=0.197831978;
piA2=0.292682927;
piG2=0.170731707;
piT3=0.334532374;
piC3=0.215827338;
piA3=0.302158273;
piG3=0.147482014;
piT4=0.333333333;
piC4=0.188524590;
piA4=0.270491803;
piG4=0.207650273;
