rACp=0.3909;
rAGp=1.5015;
rATp=0.3909;
rCGp=1;
rTCp=1.5015;
rTGp=1;
piAp=0.25;
piCp=0.25;
piGp=0.25;
piTp=0.25;
piT1=0.291262136;
piC1=0.228155340;
piA1=0.194174757;
piG1=0.286407767;
piT2=0.291262136;
piC2=0.228155340;
piA2=0.194174757;
piG2=0.286407767;
piT3=0.291262136;
piC3=0.228155340;
piA3=0.194174757;
piG3=0.286407767;
piT4=0.281553398;
piC4=0.223300971;
piA4=0.189320388;
piG4=0.305825243;
