rACp=1;
rAGp=3.0394;
rATp=1.4119;
rCGp=1.4119;
rTCp=4.8393;
rTGp=1;
piAp=0.25;
piCp=0.25;
piGp=0.25;
piTp=0.25;
piT1=0.305676856;
piC1=0.196506550;
piA1=0.283842795;
piG1=0.213973799;
piT2=0.298245614;
piC2=0.192982456;
piA2=0.289473684;
piG2=0.219298246;
piT3=0.294117647;
piC3=0.200000000;
piA3=0.252941176;
piG3=0.252941176;
piT4=0.283653846;
piC4=0.201923077;
piA4=0.274038462;
piG4=0.240384615;
