rACp=1;
rAGp=4.3279;
rATp=1;
rCGp=1;
rTCp=4.3279;
rTGp=1;
piAp=0.25;
piCp=0.25;
piGp=0.25;
piTp=0.25;
piT1=0.238578680;
piC1=0.274111675;
piA1=0.263959391;
piG1=0.223350254;
piT2=0.269035533;
piC2=0.253807107;
piA2=0.269035533;
piG2=0.208121827;
piT3=0.265306122;
piC3=0.270408163;
piA3=0.260204082;
piG3=0.204081633;
piT4=0.219387755;
piC4=0.290816327;
piA4=0.255102041;
piG4=0.234693878;
