rACp=1;
rAGp=6.8339;
rATp=1;
rCGp=1;
rTCp=6.8339;
rTGp=1;
piAp=0.25;
piCp=0.25;
piGp=0.25;
piTp=0.25;
piT1=0.181250000;
piC1=0.231250000;
piA1=0.331250000;
piG1=0.256250000;
piT2=0.181250000;
piC2=0.231250000;
piA2=0.331250000;
piG2=0.256250000;
piT3=0.187500000;
piC3=0.237500000;
piA3=0.318750000;
piG3=0.256250000;
piT4=0.175000000;
piC4=0.237500000;
piA4=0.325000000;
piG4=0.262500000;
