rACp=1;
rAGp=4.6873;
rATp=1;
rCGp=1;
rTCp=3.0076;
rTGp=1;
piAp=0.25;
piCp=0.25;
piGp=0.25;
piTp=0.25;
piT1=0.313725490;
piC1=0.176470588;
piA1=0.279411765;
piG1=0.230392157;
piT2=0.313725490;
piC2=0.176470588;
piA2=0.289215686;
piG2=0.220588235;
piT3=0.308988764;
piC3=0.185393258;
piA3=0.303370787;
piG3=0.202247191;
piT4=0.318627451;
piC4=0.191176471;
piA4=0.245098039;
piG4=0.245098039;
