rACp=1.2175;
rAGp=4.2759;
rATp=0.8652;
rCGp=2.241;
rTCp=4.2759;
rTGp=1;
piAp=0.25;
piCp=0.25;
piGp=0.25;
piTp=0.25;
piT1=0.290237467;
piC1=0.187335092;
piA1=0.319261214;
piG1=0.203166227;
piT2=0.290237467;
piC2=0.187335092;
piA2=0.324538259;
piG2=0.197889182;
piT3=0.311594203;
piC3=0.184782609;
piA3=0.278985507;
piG3=0.224637681;
piT4=0.288043478;
piC4=0.176630435;
piA4=0.320652174;
piG4=0.214673913;
