rACp=1;
rAGp=6.137;
rATp=1;
rCGp=1;
rTCp=2.2382;
rTGp=1;
piAp=0.1653;
piCp=0.2603;
piGp=0.2759;
piTp=0.2985;
piT1=0.295857988;
piC1=0.254437870;
piA1=0.177514793;
piG1=0.272189349;
piT2=0.295857988;
piC2=0.260355030;
piA2=0.177514793;
piG2=0.266272189;
piT3=0.295857988;
piC3=0.260355030;
piA3=0.177514793;
piG3=0.266272189;
piT4=0.278106509;
piC4=0.260355030;
piA4=0.177514793;
piG4=0.284023669;
