rACp=0.6607;
rAGp=3.7225;
rATp=0.4466;
rCGp=3.3837;
rTCp=3.7225;
rTGp=1;
piAp=0.25;
piCp=0.25;
piGp=0.25;
piTp=0.25;
piT1=0.245967742;
piC1=0.266129032;
piA1=0.250000000;
piG1=0.237903226;
piT2=0.254032258;
piC2=0.262096774;
piA2=0.254032258;
piG2=0.229838710;
piT3=0.241935484;
piC3=0.270161290;
piA3=0.241935484;
piG3=0.245967742;
piT4=0.245967742;
piC4=0.266129032;
piA4=0.229838710;
piG4=0.258064516;
