rACp=0.5979;
rAGp=2.5154;
rATp=0.5979;
rCGp=1;
rTCp=2.5154;
rTGp=1;
piAp=0.2455;
piCp=0.2871;
piGp=0.2836;
piTp=0.1837;
piT1=0.191729323;
piC1=0.285714286;
piA1=0.244360902;
piG1=0.278195489;
piT2=0.187969925;
piC2=0.285714286;
piA2=0.251879699;
piG2=0.274436090;
piT3=0.178423237;
piC3=0.302904564;
piA3=0.240663900;
piG3=0.278008299;
piT4=0.167330677;
piC4=0.294820717;
piA4=0.211155378;
piG4=0.326693227;
