rACp=1;
rAGp=2.5882;
rATp=1;
rCGp=1;
rTCp=2.5882;
rTGp=1;
piAp=0.25;
piCp=0.25;
piGp=0.25;
piTp=0.25;
piT1=0.274193548;
piC1=0.185483871;
piA1=0.258064516;
piG1=0.282258065;
piT2=0.274193548;
piC2=0.185483871;
piA2=0.258064516;
piG2=0.282258065;
piT3=0.245901639;
piC3=0.213114754;
piA3=0.254098361;
piG3=0.286885246;
piT4=0.243902439;
piC4=0.203252033;
piA4=0.268292683;
piG4=0.284552846;
