rACp=1;
rAGp=3.5;
rATp=1;
rCGp=1;
rTCp=3.5;
rTGp=1;
piAp=0.1856;
piCp=0.2186;
piGp=0.3396;
piTp=0.2563;
piT1=0.253333333;
piC1=0.220000000;
piA1=0.186666667;
piG1=0.340000000;
piT2=0.260869565;
piC2=0.231884058;
piA2=0.181159420;
piG2=0.326086957;
piT3=0.243243243;
piC3=0.243243243;
piA3=0.175675676;
piG3=0.337837838;
piT4=0.239436620;
piC4=0.246478873;
piA4=0.218309859;
piG4=0.295774648;
