rACp=0.5102;
rAGp=1.6772;
rATp=1;
rCGp=0.5102;
rTCp=3.7432;
rTGp=1;
piAp=0.2484;
piCp=0.2202;
piGp=0.4122;
piTp=0.1192;
piT1=0.125000000;
piC1=0.217391304;
piA1=0.250000000;
piG1=0.407608696;
piT2=0.125000000;
piC2=0.211956522;
piA2=0.255434783;
piG2=0.407608696;
piT3=0.108695652;
piC3=0.222826087;
piA3=0.239130435;
piG3=0.429347826;
piT4=0.104651163;
piC4=0.220930233;
piA4=0.238372093;
piG4=0.436046512;
