rACp=1;
rAGp=4.1501;
rATp=1.7923;
rCGp=1.7923;
rTCp=4.1501;
rTGp=1;
piAp=0.25;
piCp=0.25;
piGp=0.25;
piTp=0.25;
piT1=0.285211268;
piC1=0.158450704;
piA1=0.295774648;
piG1=0.260563380;
piT2=0.288732394;
piC2=0.161971831;
piA2=0.288732394;
piG2=0.260563380;
piT3=0.288732394;
piC3=0.169014085;
piA3=0.285211268;
piG3=0.257042254;
piT4=0.283687943;
piC4=0.177304965;
piA4=0.283687943;
piG4=0.255319149;
