rACp=0.5264;
rAGp=4.0407;
rATp=1;
rCGp=0.5264;
rTCp=4.0407;
rTGp=1;
piAp=0.1751;
piCp=0.2924;
piGp=0.3483;
piTp=0.1842;
piT1=0.192307692;
piC1=0.286713287;
piA1=0.181818182;
piG1=0.339160839;
piT2=0.181818182;
piC2=0.286713287;
piA2=0.178321678;
piG2=0.353146853;
piT3=0.176229508;
piC3=0.299180328;
piA3=0.143442623;
piG3=0.381147541;
piT4=0.168458781;
piC4=0.311827957;
piA4=0.143369176;
piG4=0.376344086;
