rACp=1;
rAGp=1.8404;
rATp=1;
rCGp=1;
rTCp=1.8404;
rTGp=1;
piAp=0.25;
piCp=0.25;
piGp=0.25;
piTp=0.25;
piT1=0.256965944;
piC1=0.263157895;
piA1=0.250773994;
piG1=0.229102167;
piT2=0.260061920;
piC2=0.256965944;
piA2=0.250773994;
piG2=0.232198142;
piT3=0.266253870;
piC3=0.250773994;
piA3=0.256965944;
piG3=0.226006192;
piT4=0.266253870;
piC4=0.253869969;
piA4=0.253869969;
piG4=0.226006192;
