rACp=1.3327;
rAGp=4.7003;
rATp=1.1458;
rCGp=3.825;
rTCp=4.7003;
rTGp=1;
piAp=0.25;
piCp=0.25;
piGp=0.25;
piTp=0.25;
piT1=0.241525424;
piC1=0.169491525;
piA1=0.322033898;
piG1=0.266949153;
piT2=0.245762712;
piC2=0.169491525;
piA2=0.322033898;
piG2=0.262711864;
piT3=0.229166667;
piC3=0.166666667;
piA3=0.322916667;
piG3=0.281250000;
piT4=0.246696035;
piC4=0.193832599;
piA4=0.281938326;
piG4=0.277533040;
