rACp=1.0097;
rAGp=4.1382;
rATp=1.2857;
rCGp=3.1279;
rTCp=4.1382;
rTGp=1;
piAp=0.25;
piCp=0.25;
piGp=0.25;
piTp=0.25;
piT1=0.310880829;
piC1=0.196891192;
piA1=0.269430052;
piG1=0.222797927;
piT2=0.324607330;
piC2=0.193717277;
piA2=0.261780105;
piG2=0.219895288;
piT3=0.324175824;
piC3=0.192307692;
piA3=0.258241758;
piG3=0.225274725;
piT4=0.324175824;
piC4=0.170329670;
piA4=0.274725275;
piG4=0.230769231;
