rACp=1;
rAGp=3.5758;
rATp=1;
rCGp=1;
rTCp=3.5758;
rTGp=1;
piAp=0.25;
piCp=0.25;
piGp=0.25;
piTp=0.25;
piT1=0.273356401;
piC1=0.217993080;
piA1=0.304498270;
piG1=0.204152249;
piT2=0.269896194;
piC2=0.207612457;
piA2=0.318339100;
piG2=0.204152249;
piT3=0.287822878;
piC3=0.206642066;
piA3=0.287822878;
piG3=0.217712177;
piT4=0.274305556;
piC4=0.201388889;
piA4=0.312500000;
piG4=0.211805556;
