rACp=1;
rAGp=3.3634;
rATp=1;
rCGp=1;
rTCp=4.9702;
rTGp=1;
piAp=0.2428;
piCp=0.2998;
piGp=0.2864;
piTp=0.1710;
piT1=0.168986083;
piC1=0.298210736;
piA1=0.246520875;
piG1=0.286282306;
piT2=0.168986083;
piC2=0.300198807;
piA2=0.252485089;
piG2=0.278330020;
piT3=0.198564593;
piC3=0.299043062;
piA3=0.229665072;
piG3=0.272727273;
piT4=0.182902584;
piC4=0.290258449;
piA4=0.250497018;
piG4=0.276341948;
