rACp=1;
rAGp=2.761;
rATp=1;
rCGp=1;
rTCp=2.761;
rTGp=1;
piAp=0.25;
piCp=0.25;
piGp=0.25;
piTp=0.25;
piT1=0.250000000;
piC1=0.190789474;
piA1=0.276315789;
piG1=0.282894737;
piT2=0.248447205;
piC2=0.180124224;
piA2=0.279503106;
piG2=0.291925466;
piT3=0.223602484;
piC3=0.217391304;
piA3=0.267080745;
piG3=0.291925466;
piT4=0.194968553;
piC4=0.238993711;
piA4=0.264150943;
piG4=0.301886792;
