rACp=2.039;
rAGp=4.5148;
rATp=1;
rCGp=2.039;
rTCp=4.5148;
rTGp=1;
piAp=0.25;
piCp=0.25;
piGp=0.25;
piTp=0.25;
piT1=0.331658291;
piC1=0.185929648;
piA1=0.331658291;
piG1=0.150753769;
piT2=0.331658291;
piC2=0.185929648;
piA2=0.331658291;
piG2=0.150753769;
piT3=0.326633166;
piC3=0.190954774;
piA3=0.331658291;
piG3=0.150753769;
piT4=0.314136126;
piC4=0.204188482;
piA4=0.293193717;
piG4=0.188481675;
