rACp=1;
rAGp=2.7972;
rATp=1;
rCGp=1;
rTCp=5.1098;
rTGp=1;
piAp=0.25;
piCp=0.25;
piGp=0.25;
piTp=0.25;
piT1=0.283333333;
piC1=0.244444444;
piA1=0.211111111;
piG1=0.261111111;
piT2=0.288888889;
piC2=0.238888889;
piA2=0.211111111;
piG2=0.261111111;
piT3=0.212121212;
piC3=0.296969697;
piA3=0.218181818;
piG3=0.272727273;
piT4=0.236363636;
piC4=0.254545455;
piA4=0.254545455;
piG4=0.254545455;
