rACp=1;
rAGp=2.5251;
rATp=1;
rCGp=1;
rTCp=2.5251;
rTGp=1;
piAp=0.25;
piCp=0.25;
piGp=0.25;
piTp=0.25;
piT1=0.280528053;
piC1=0.198019802;
piA1=0.320132013;
piG1=0.201320132;
piT2=0.283828383;
piC2=0.198019802;
piA2=0.316831683;
piG2=0.201320132;
piT3=0.310975610;
piC3=0.182926829;
piA3=0.371951220;
piG3=0.134146341;
piT4=0.292929293;
piC4=0.195286195;
piA4=0.319865320;
piG4=0.191919192;
