rACp=0.9144;
rAGp=4.3483;
rATp=0.4702;
rCGp=2.2502;
rTCp=4.3483;
rTGp=1;
piAp=0.25;
piCp=0.25;
piGp=0.25;
piTp=0.25;
piT1=0.253097345;
piC1=0.203539823;
piA1=0.274336283;
piG1=0.269026549;
piT2=0.254867257;
piC2=0.205309735;
piA2=0.269026549;
piG2=0.270796460;
piT3=0.270270270;
piC3=0.235872236;
piA3=0.223587224;
piG3=0.270270270;
piT4=0.262500000;
piC4=0.227083333;
piA4=0.237500000;
piG4=0.272916667;
