rACp=2.4711;
rAGp=6.7249;
rATp=1;
rCGp=2.4711;
rTCp=6.7249;
rTGp=1;
piAp=0.25;
piCp=0.25;
piGp=0.25;
piTp=0.25;
piT1=0.285294118;
piC1=0.170588235;
piA1=0.279411765;
piG1=0.264705882;
piT2=0.289085546;
piC2=0.174041298;
piA2=0.277286136;
piG2=0.259587021;
piT3=0.283582090;
piC3=0.171641791;
piA3=0.276119403;
piG3=0.268656716;
piT4=0.277108434;
piC4=0.183734940;
piA4=0.268072289;
piG4=0.271084337;
