rACp=1;
rAGp=3.5905;
rATp=1;
rCGp=1;
rTCp=3.5905;
rTGp=1;
piAp=0.25;
piCp=0.25;
piGp=0.25;
piTp=0.25;
piT1=0.319727891;
piC1=0.224489796;
piA1=0.299319728;
piG1=0.156462585;
piT2=0.319727891;
piC2=0.224489796;
piA2=0.299319728;
piG2=0.156462585;
piT3=0.312925170;
piC3=0.244897959;
piA3=0.292517007;
piG3=0.149659864;
piT4=0.351724138;
piC4=0.200000000;
piA4=0.289655172;
piG4=0.158620690;
