rACp=1.9305;
rAGp=4.6592;
rATp=1;
rCGp=1.9305;
rTCp=4.6592;
rTGp=1;
piAp=0.2210;
piCp=0.2327;
piGp=0.1736;
piTp=0.3727;
piT1=0.373860182;
piC1=0.221884498;
piA1=0.227963526;
piG1=0.176291793;
piT2=0.376506024;
piC2=0.222891566;
piA2=0.225903614;
piG2=0.174698795;
piT3=0.402116402;
piC3=0.238095238;
piA3=0.190476190;
piG3=0.169312169;
piT4=0.363636364;
piC4=0.253246753;
piA4=0.207792208;
piG4=0.175324675;
