rACp=0.5857;
rAGp=3.2039;
rATp=0.5857;
rCGp=1;
rTCp=3.2039;
rTGp=1;
piAp=0.25;
piCp=0.25;
piGp=0.25;
piTp=0.25;
piT1=0.355889724;
piC1=0.225563910;
piA1=0.263157895;
piG1=0.155388471;
piT2=0.353383459;
piC2=0.228070175;
piA2=0.265664160;
piG2=0.152882206;
piT3=0.379310345;
piC3=0.217241379;
piA3=0.255172414;
piG3=0.148275862;
piT4=0.348484848;
piC4=0.234848485;
piA4=0.255050505;
piG4=0.161616162;
