rACp=1;
rAGp=4.3507;
rATp=1;
rCGp=1;
rTCp=2.491;
rTGp=1;
piAp=0.25;
piCp=0.25;
piGp=0.25;
piTp=0.25;
piT1=0.264705882;
piC1=0.199346405;
piA1=0.339869281;
piG1=0.196078431;
piT2=0.261437908;
piC2=0.212418301;
piA2=0.333333333;
piG2=0.192810458;
piT3=0.264705882;
piC3=0.209558824;
piA3=0.330882353;
piG3=0.194852941;
piT4=0.279069767;
piC4=0.196013289;
piA4=0.325581395;
piG4=0.199335548;
