rACp=0.6444;
rAGp=2.2171;
rATp=0.6444;
rCGp=1;
rTCp=4.3159;
rTGp=1;
piAp=0.25;
piCp=0.25;
piGp=0.25;
piTp=0.25;
piT1=0.268608414;
piC1=0.275080906;
piA1=0.258899676;
piG1=0.197411003;
piT2=0.268608414;
piC2=0.275080906;
piA2=0.262135922;
piG2=0.194174757;
piT3=0.243816254;
piC3=0.286219081;
piA3=0.272084806;
piG3=0.197879859;
piT4=0.268852459;
piC4=0.275409836;
piA4=0.265573770;
piG4=0.190163934;
