rACp=3.6553;
rAGp=2.8607;
rATp=1;
rCGp=3.6553;
rTCp=2.8607;
rTGp=1;
piAp=0.3115;
piCp=0.1452;
piGp=0.1778;
piTp=0.3655;
piT1=0.367346939;
piC1=0.142857143;
piA1=0.312925170;
piG1=0.176870748;
piT2=0.367346939;
piC2=0.142857143;
piA2=0.312925170;
piG2=0.176870748;
piT3=0.366197183;
piC3=0.144366197;
piA3=0.316901408;
piG3=0.172535211;
piT4=0.369491525;
piC4=0.142372881;
piA4=0.315254237;
piG4=0.172881356;
