rACp=0.5509;
rAGp=3.3051;
rATp=0.6175;
rCGp=1.6892;
rTCp=3.3051;
rTGp=1;
piAp=0.2030;
piCp=0.3072;
piGp=0.2910;
piTp=0.1987;
piT1=0.237288136;
piC1=0.275423729;
piA1=0.220338983;
piG1=0.266949153;
piT2=0.207627119;
piC2=0.305084746;
piA2=0.194915254;
piG2=0.292372881;
piT3=0.207627119;
piC3=0.305084746;
piA3=0.237288136;
piG3=0.250000000;
piT4=0.211864407;
piC4=0.300847458;
piA4=0.211864407;
piG4=0.275423729;
