rACp=0.5872;
rAGp=3.4907;
rATp=0.5872;
rCGp=1;
rTCp=2.4097;
rTGp=1;
piAp=0.2308;
piCp=0.3073;
piGp=0.2869;
piTp=0.1749;
piT1=0.179153094;
piC1=0.309446254;
piA1=0.241042345;
piG1=0.270358306;
piT2=0.175895765;
piC2=0.306188925;
piA2=0.244299674;
piG2=0.273615635;
piT3=0.173745174;
piC3=0.293436293;
piA3=0.247104247;
piG3=0.285714286;
piT4=0.185667752;
piC4=0.293159609;
piA4=0.231270358;
piG4=0.289902280;
