rACp=0.6147;
rAGp=2.0603;
rATp=1;
rCGp=0.6147;
rTCp=2.0603;
rTGp=1;
piAp=0.25;
piCp=0.25;
piGp=0.25;
piTp=0.25;
piT1=0.252173913;
piC1=0.230434783;
piA1=0.256521739;
piG1=0.260869565;
piT2=0.256521739;
piC2=0.234782609;
piA2=0.273913043;
piG2=0.234782609;
piT3=0.215053763;
piC3=0.252688172;
piA3=0.284946237;
piG3=0.247311828;
piT4=0.212264151;
piC4=0.250000000;
piA4=0.287735849;
piG4=0.250000000;
