rACp=0.5912;
rAGp=2.406;
rATp=0.5912;
rCGp=1;
rTCp=2.406;
rTGp=1;
piAp=0.25;
piCp=0.25;
piGp=0.25;
piTp=0.25;
piT1=0.305418719;
piC1=0.256157635;
piA1=0.275862069;
piG1=0.162561576;
piT2=0.301980198;
piC2=0.252475248;
piA2=0.277227723;
piG2=0.168316832;
piT3=0.323383085;
piC3=0.238805970;
piA3=0.253731343;
piG3=0.184079602;
piT4=0.338308458;
piC4=0.228855721;
piA4=0.248756219;
piG4=0.184079602;
