rACp=1;
rAGp=2.7268;
rATp=1;
rCGp=1;
rTCp=3.9441;
rTGp=1;
piAp=0.25;
piCp=0.25;
piGp=0.25;
piTp=0.25;
piT1=0.269230769;
piC1=0.230769231;
piA1=0.245192308;
piG1=0.254807692;
piT2=0.283653846;
piC2=0.225961538;
piA2=0.245192308;
piG2=0.245192308;
piT3=0.269662921;
piC3=0.247191011;
piA3=0.241573034;
piG3=0.241573034;
piT4=0.269230769;
piC4=0.240384615;
piA4=0.245192308;
piG4=0.245192308;
