rACp=0.5311;
rAGp=2.3301;
rATp=0.5311;
rCGp=1;
rTCp=2.3301;
rTGp=1;
piAp=0.25;
piCp=0.25;
piGp=0.25;
piTp=0.25;
piT1=0.280769231;
piC1=0.192307692;
piA1=0.238461538;
piG1=0.288461538;
piT2=0.271317829;
piC2=0.178294574;
piA2=0.248062016;
piG2=0.302325581;
piT3=0.278606965;
piC3=0.169154229;
piA3=0.238805970;
piG3=0.313432836;
piT4=0.257692308;
piC4=0.196153846;
piA4=0.246153846;
piG4=0.300000000;
