rACp=1;
rAGp=3.765;
rATp=1;
rCGp=1;
rTCp=5.7349;
rTGp=1;
piAp=0.25;
piCp=0.25;
piGp=0.25;
piTp=0.25;
piT1=0.295025729;
piC1=0.185248714;
piA1=0.303602058;
piG1=0.216123499;
piT2=0.286449400;
piC2=0.188679245;
piA2=0.303602058;
piG2=0.221269297;
piT3=0.296416938;
piC3=0.208469055;
piA3=0.270358306;
piG3=0.224755700;
piT4=0.281012658;
piC4=0.210126582;
piA4=0.281012658;
piG4=0.227848101;
