rACp=0.6469;
rAGp=2.2412;
rATp=0.6469;
rCGp=1;
rTCp=4.0885;
rTGp=1;
piAp=0.2264;
piCp=0.3557;
piGp=0.2736;
piTp=0.1444;
piT1=0.167123288;
piC1=0.339726027;
piA1=0.224657534;
piG1=0.268493151;
piT2=0.136986301;
piC2=0.367123288;
piA2=0.224657534;
piG2=0.271232877;
piT3=0.162500000;
piC3=0.353125000;
piA3=0.231250000;
piG3=0.253125000;
piT4=0.157635468;
piC4=0.349753695;
piA4=0.256157635;
piG4=0.236453202;
