rACp=1;
rAGp=2.5259;
rATp=1;
rCGp=1;
rTCp=2.5259;
rTGp=1;
piAp=0.25;
piCp=0.25;
piGp=0.25;
piTp=0.25;
piT1=0.228187919;
piC1=0.268456376;
piA1=0.255033557;
piG1=0.248322148;
piT2=0.221476510;
piC2=0.275167785;
piA2=0.255033557;
piG2=0.248322148;
piT3=0.234899329;
piC3=0.268456376;
piA3=0.255033557;
piG3=0.241610738;
piT4=0.251851852;
piC4=0.251851852;
piA4=0.266666667;
piG4=0.229629630;
