rACp=1;
rAGp=3.931;
rATp=1;
rCGp=1;
rTCp=3.931;
rTGp=1;
piAp=0.25;
piCp=0.25;
piGp=0.25;
piTp=0.25;
piT1=0.314917127;
piC1=0.132596685;
piA1=0.292817680;
piG1=0.259668508;
piT2=0.316666667;
piC2=0.136111111;
piA2=0.302777778;
piG2=0.244444444;
piT3=0.312302839;
piC3=0.141955836;
piA3=0.293375394;
piG3=0.252365931;
piT4=0.310249307;
piC4=0.141274238;
piA4=0.288088643;
piG4=0.260387812;
