rACp=1.0024;
rAGp=5.5462;
rATp=1.2417;
rCGp=3.064;
rTCp=5.5462;
rTGp=1;
piAp=0.25;
piCp=0.25;
piGp=0.25;
piTp=0.25;
piT1=0.318493151;
piC1=0.226027397;
piA1=0.263698630;
piG1=0.191780822;
piT2=0.325342466;
piC2=0.222602740;
piA2=0.267123288;
piG2=0.184931507;
piT3=0.331983806;
piC3=0.234817814;
piA3=0.255060729;
piG3=0.178137652;
piT4=0.317241379;
piC4=0.227586207;
piA4=0.255172414;
piG4=0.200000000;
