rACp=0.313;
rAGp=1.82;
rATp=0.313;
rCGp=1;
rTCp=1.82;
rTGp=1;
piAp=0.25;
piCp=0.25;
piGp=0.25;
piTp=0.25;
piT1=0.348066298;
piC1=0.243093923;
piA1=0.220994475;
piG1=0.187845304;
piT2=0.348066298;
piC2=0.243093923;
piA2=0.220994475;
piG2=0.187845304;
piT3=0.342541436;
piC3=0.243093923;
piA3=0.226519337;
piG3=0.187845304;
piT4=0.331360947;
piC4=0.260355030;
piA4=0.224852071;
piG4=0.183431953;
