rACp=1;
rAGp=3.3869;
rATp=1;
rCGp=1;
rTCp=3.3869;
rTGp=1;
piAp=0.25;
piCp=0.25;
piGp=0.25;
piTp=0.25;
piT1=0.282608696;
piC1=0.142512077;
piA1=0.321256039;
piG1=0.253623188;
piT2=0.285024155;
piC2=0.140096618;
piA2=0.328502415;
piG2=0.246376812;
piT3=0.284552846;
piC3=0.138211382;
piA3=0.333333333;
piG3=0.243902439;
piT4=0.288515406;
piC4=0.156862745;
piA4=0.316526611;
piG4=0.238095238;
