rACp=1.5659;
rAGp=4.6462;
rATp=1;
rCGp=1.5659;
rTCp=4.6462;
rTGp=1;
piAp=0.25;
piCp=0.25;
piGp=0.25;
piTp=0.25;
piT1=0.244382022;
piC1=0.255617978;
piA1=0.244382022;
piG1=0.255617978;
piT2=0.241573034;
piC2=0.258426966;
piA2=0.241573034;
piG2=0.258426966;
piT3=0.258064516;
piC3=0.258064516;
piA3=0.243727599;
piG3=0.240143369;
piT4=0.244318182;
piC4=0.255681818;
piA4=0.247159091;
piG4=0.252840909;
