rACp=1;
rAGp=2.0894;
rATp=1;
rCGp=1;
rTCp=2.0894;
rTGp=1;
piAp=0.25;
piCp=0.25;
piGp=0.25;
piTp=0.25;
piT1=0.186440678;
piC1=0.305084746;
piA1=0.231638418;
piG1=0.276836158;
piT2=0.186440678;
piC2=0.316384181;
piA2=0.225988701;
piG2=0.271186441;
piT3=0.203389831;
piC3=0.299435028;
piA3=0.209039548;
piG3=0.288135593;
piT4=0.204545455;
piC4=0.289772727;
piA4=0.215909091;
piG4=0.289772727;
