rACp=1;
rAGp=4.4195;
rATp=1;
rCGp=1;
rTCp=1.9507;
rTGp=1;
piAp=0.2361;
piCp=0.2377;
piGp=0.1483;
piTp=0.3779;
piT1=0.377192982;
piC1=0.236842105;
piA1=0.234649123;
piG1=0.151315789;
piT2=0.373893805;
piC2=0.236725664;
piA2=0.236725664;
piG2=0.152654867;
piT3=0.394648829;
piC3=0.240802676;
piA3=0.214046823;
piG3=0.150501672;
piT4=0.373873874;
piC4=0.234234234;
piA4=0.247747748;
piG4=0.144144144;
