rACp=1;
rAGp=2.6488;
rATp=1;
rCGp=1;
rTCp=2.6488;
rTGp=1;
piAp=0.25;
piCp=0.25;
piGp=0.25;
piTp=0.25;
piT1=0.272727273;
piC1=0.133522727;
piA1=0.355113636;
piG1=0.238636364;
piT2=0.275568182;
piC2=0.133522727;
piA2=0.349431818;
piG2=0.241477273;
piT3=0.228426396;
piC3=0.152284264;
piA3=0.406091371;
piG3=0.213197970;
piT4=0.264204545;
piC4=0.156250000;
piA4=0.352272727;
piG4=0.227272727;
