rACp=0.9737;
rAGp=2.8513;
rATp=0.5314;
rCGp=2.1232;
rTCp=2.8513;
rTGp=1;
piAp=0.25;
piCp=0.25;
piGp=0.25;
piTp=0.25;
piT1=0.354679803;
piC1=0.192118227;
piA1=0.261083744;
piG1=0.192118227;
piT2=0.364532020;
piC2=0.177339901;
piA2=0.266009852;
piG2=0.192118227;
piT3=0.341584158;
piC3=0.207920792;
piA3=0.262376238;
piG3=0.188118812;
piT4=0.339901478;
piC4=0.206896552;
piA4=0.266009852;
piG4=0.187192118;
