rACp=0.3107;
rAGp=0.8071;
rATp=1;
rCGp=0.3107;
rTCp=0.8071;
rTGp=1;
piAp=0.25;
piCp=0.25;
piGp=0.25;
piTp=0.25;
piT1=0.293650794;
piC1=0.174603175;
piA1=0.317460317;
piG1=0.214285714;
piT2=0.299212598;
piC2=0.173228346;
piA2=0.322834646;
piG2=0.204724409;
piT3=0.307086614;
piC3=0.165354331;
piA3=0.322834646;
piG3=0.204724409;
piT4=0.309523810;
piC4=0.166666667;
piA4=0.301587302;
piG4=0.222222222;
