rACp=0.3792;
rAGp=2.5421;
rATp=0.3792;
rCGp=1;
rTCp=1.2289;
rTGp=1;
piAp=0.25;
piCp=0.25;
piGp=0.25;
piTp=0.25;
piT1=0.283898305;
piC1=0.258474576;
piA1=0.288135593;
piG1=0.169491525;
piT2=0.275423729;
piC2=0.258474576;
piA2=0.288135593;
piG2=0.177966102;
piT3=0.289361702;
piC3=0.246808511;
piA3=0.263829787;
piG3=0.200000000;
piT4=0.280851064;
piC4=0.238297872;
piA4=0.255319149;
piG4=0.225531915;
