rACp=0.6191;
rAGp=2.7084;
rATp=1;
rCGp=0.6191;
rTCp=2.7084;
rTGp=1;
piAp=0.25;
piCp=0.25;
piGp=0.25;
piTp=0.25;
piT1=0.252136752;
piC1=0.226495726;
piA1=0.294871795;
piG1=0.226495726;
piT2=0.243589744;
piC2=0.235042735;
piA2=0.324786325;
piG2=0.196581197;
piT3=0.257425743;
piC3=0.207920792;
piA3=0.311881188;
piG3=0.222772277;
piT4=0.269565217;
piC4=0.213043478;
piA4=0.317391304;
piG4=0.200000000;
