rACp=0.4442;
rAGp=1.645;
rATp=0.4442;
rCGp=1;
rTCp=1.645;
rTGp=1;
piAp=0.25;
piCp=0.25;
piGp=0.25;
piTp=0.25;
piT1=0.283439490;
piC1=0.248407643;
piA1=0.270700637;
piG1=0.197452229;
piT2=0.292993631;
piC2=0.245222930;
piA2=0.270700637;
piG2=0.191082803;
piT3=0.296000000;
piC3=0.268000000;
piA3=0.264000000;
piG3=0.172000000;
piT4=0.294498382;
piC4=0.252427184;
piA4=0.265372168;
piG4=0.187702265;
