rACp=1;
rAGp=3.487;
rATp=1.3766;
rCGp=1.3766;
rTCp=3.487;
rTGp=1;
piAp=0.25;
piCp=0.25;
piGp=0.25;
piTp=0.25;
piT1=0.296380090;
piC1=0.185520362;
piA1=0.307692308;
piG1=0.210407240;
piT2=0.294117647;
piC2=0.183257919;
piA2=0.305429864;
piG2=0.217194570;
piT3=0.284615385;
piC3=0.188461538;
piA3=0.315384615;
piG3=0.211538462;
piT4=0.301587302;
piC4=0.185941043;
piA4=0.292517007;
piG4=0.219954649;
