rACp=0.4806;
rAGp=2.388;
rATp=0.4806;
rCGp=1;
rTCp=2.388;
rTGp=1;
piAp=0.25;
piCp=0.25;
piGp=0.25;
piTp=0.25;
piT1=0.315186246;
piC1=0.180515759;
piA1=0.320916905;
piG1=0.183381089;
piT2=0.320916905;
piC2=0.177650430;
piA2=0.312320917;
piG2=0.189111748;
piT3=0.336842105;
piC3=0.142105263;
piA3=0.315789474;
piG3=0.205263158;
piT4=0.327137546;
piC4=0.167286245;
piA4=0.286245353;
piG4=0.219330855;
