rACp=1.4495;
rAGp=4.6375;
rATp=1;
rCGp=1.4495;
rTCp=4.6375;
rTGp=1;
piAp=0.25;
piCp=0.25;
piGp=0.25;
piTp=0.25;
piT1=0.295811518;
piC1=0.201570681;
piA1=0.298429319;
piG1=0.204188482;
piT2=0.301047120;
piC2=0.185863874;
piA2=0.293193717;
piG2=0.219895288;
piT3=0.277056277;
piC3=0.251082251;
piA3=0.264069264;
piG3=0.207792208;
piT4=0.278215223;
piC4=0.220472441;
piA4=0.291338583;
piG4=0.209973753;
