rACp=1;
rAGp=2.3962;
rATp=1;
rCGp=1;
rTCp=2.3962;
rTGp=1;
piAp=0.25;
piCp=0.25;
piGp=0.25;
piTp=0.25;
piT1=0.219780220;
piC1=0.307692308;
piA1=0.307692308;
piG1=0.164835165;
piT2=0.219780220;
piC2=0.307692308;
piA2=0.307692308;
piG2=0.164835165;
piT3=0.219780220;
piC3=0.296703297;
piA3=0.307692308;
piG3=0.175824176;
piT4=0.219780220;
piC4=0.296703297;
piA4=0.318681319;
piG4=0.164835165;
