rACp=1;
rAGp=3.0011;
rATp=1;
rCGp=1;
rTCp=3.0011;
rTGp=1;
piAp=0.25;
piCp=0.25;
piGp=0.25;
piTp=0.25;
piT1=0.172638436;
piC1=0.241042345;
piA1=0.276872964;
piG1=0.309446254;
piT2=0.192182410;
piC2=0.234527687;
piA2=0.270358306;
piG2=0.302931596;
piT3=0.170854271;
piC3=0.246231156;
piA3=0.341708543;
piG3=0.241206030;
piT4=0.192439863;
piC4=0.216494845;
piA4=0.298969072;
piG4=0.292096220;
