rACp=1;
rAGp=2.8191;
rATp=1;
rCGp=1;
rTCp=2.8191;
rTGp=1;
piAp=0.25;
piCp=0.25;
piGp=0.25;
piTp=0.25;
piT1=0.271028037;
piC1=0.242990654;
piA1=0.191588785;
piG1=0.294392523;
piT2=0.267326733;
piC2=0.262376238;
piA2=0.173267327;
piG2=0.297029703;
piT3=0.212121212;
piC3=0.218181818;
piA3=0.230303030;
piG3=0.339393939;
piT4=0.275862069;
piC4=0.236453202;
piA4=0.197044335;
piG4=0.290640394;
