rACp=1.5921;
rAGp=3.861;
rATp=1;
rCGp=1.5921;
rTCp=3.861;
rTGp=1;
piAp=0.25;
piCp=0.25;
piGp=0.25;
piTp=0.25;
piT1=0.259259259;
piC1=0.213991770;
piA1=0.320987654;
piG1=0.205761317;
piT2=0.263374486;
piC2=0.209876543;
piA2=0.316872428;
piG2=0.209876543;
piT3=0.277777778;
piC3=0.212121212;
piA3=0.318181818;
piG3=0.191919192;
piT4=0.276150628;
piC4=0.205020921;
piA4=0.313807531;
piG4=0.205020921;
