rACp=0.6759;
rAGp=2.2378;
rATp=0.6759;
rCGp=1;
rTCp=2.2378;
rTGp=1;
piAp=0.25;
piCp=0.25;
piGp=0.25;
piTp=0.25;
piT1=0.273504274;
piC1=0.247863248;
piA1=0.230769231;
piG1=0.247863248;
piT2=0.269387755;
piC2=0.240816327;
piA2=0.244897959;
piG2=0.244897959;
piT3=0.239837398;
piC3=0.260162602;
piA3=0.243902439;
piG3=0.256097561;
piT4=0.264957265;
piC4=0.247863248;
piA4=0.260683761;
piG4=0.226495726;
