rACp=1;
rAGp=4.1759;
rATp=1.9191;
rCGp=1.9191;
rTCp=4.1759;
rTGp=1;
piAp=0.25;
piCp=0.25;
piGp=0.25;
piTp=0.25;
piT1=0.281632653;
piC1=0.265306122;
piA1=0.224489796;
piG1=0.228571429;
piT2=0.269387755;
piC2=0.269387755;
piA2=0.253061224;
piG2=0.208163265;
piT3=0.285714286;
piC3=0.261224490;
piA3=0.253061224;
piG3=0.200000000;
piT4=0.285714286;
piC4=0.261224490;
piA4=0.240816327;
piG4=0.212244898;
