rACp=0.9015;
rAGp=3.9405;
rATp=0.597;
rCGp=2.3688;
rTCp=3.9405;
rTGp=1;
piAp=0.3100;
piCp=0.2054;
piGp=0.1918;
piTp=0.2928;
piT1=0.290801187;
piC1=0.201780415;
piA1=0.311572700;
piG1=0.195845697;
piT2=0.293768546;
piC2=0.198813056;
piA2=0.311572700;
piG2=0.195845697;
piT3=0.343220339;
piC3=0.224576271;
piA3=0.250000000;
piG3=0.182203390;
piT4=0.302547771;
piC4=0.216560510;
piA4=0.296178344;
piG4=0.184713376;
