rACp=1;
rAGp=3.4072;
rATp=1;
rCGp=1;
rTCp=3.4072;
rTGp=1;
piAp=0.25;
piCp=0.25;
piGp=0.25;
piTp=0.25;
piT1=0.272727273;
piC1=0.157894737;
piA1=0.363636364;
piG1=0.205741627;
piT2=0.282296651;
piC2=0.157894737;
piA2=0.349282297;
piG2=0.210526316;
piT3=0.261904762;
piC3=0.172619048;
piA3=0.357142857;
piG3=0.208333333;
piT4=0.287179487;
piC4=0.153846154;
piA4=0.312820513;
piG4=0.246153846;
