rACp=0.4506;
rAGp=2.9474;
rATp=0.4506;
rCGp=1;
rTCp=2.9474;
rTGp=1;
piAp=0.25;
piCp=0.25;
piGp=0.25;
piTp=0.25;
piT1=0.309523810;
piC1=0.202380952;
piA1=0.273809524;
piG1=0.214285714;
piT2=0.303571429;
piC2=0.208333333;
piA2=0.273809524;
piG2=0.214285714;
piT3=0.324840764;
piC3=0.203821656;
piA3=0.280254777;
piG3=0.191082803;
piT4=0.331210191;
piC4=0.197452229;
piA4=0.254777070;
piG4=0.216560510;
