rACp=0.5916;
rAGp=2.5477;
rATp=0.5916;
rCGp=1;
rTCp=2.5477;
rTGp=1;
piAp=0.25;
piCp=0.25;
piGp=0.25;
piTp=0.25;
piT1=0.288401254;
piC1=0.228840125;
piA1=0.266457680;
piG1=0.216300940;
piT2=0.291536050;
piC2=0.228840125;
piA2=0.272727273;
piG2=0.206896552;
piT3=0.279620853;
piC3=0.218009479;
piA3=0.265402844;
piG3=0.236966825;
piT4=0.275316456;
piC4=0.234177215;
piA4=0.268987342;
piG4=0.221518987;
