rACp=0.666;
rAGp=1.9813;
rATp=0.666;
rCGp=1;
rTCp=1.9813;
rTGp=1;
piAp=0.25;
piCp=0.25;
piGp=0.25;
piTp=0.25;
piT1=0.295081967;
piC1=0.222950820;
piA1=0.291803279;
piG1=0.190163934;
piT2=0.303333333;
piC2=0.216666667;
piA2=0.280000000;
piG2=0.200000000;
piT3=0.272340426;
piC3=0.242553191;
piA3=0.289361702;
piG3=0.195744681;
piT4=0.259868421;
piC4=0.250000000;
piA4=0.259868421;
piG4=0.230263158;
