rACp=1;
rAGp=2.0882;
rATp=1;
rCGp=1;
rTCp=2.0882;
rTGp=1;
piAp=0.25;
piCp=0.25;
piGp=0.25;
piTp=0.25;
piT1=0.256880734;
piC1=0.293577982;
piA1=0.201834862;
piG1=0.247706422;
piT2=0.266055046;
piC2=0.302752294;
piA2=0.192660550;
piG2=0.238532110;
piT3=0.266055046;
piC3=0.275229358;
piA3=0.220183486;
piG3=0.238532110;
piT4=0.266055046;
piC4=0.284403670;
piA4=0.201834862;
piG4=0.247706422;
