rACp=1;
rAGp=3.6985;
rATp=1;
rCGp=1;
rTCp=3.6985;
rTGp=1;
piAp=0.25;
piCp=0.25;
piGp=0.25;
piTp=0.25;
piT1=0.283842795;
piC1=0.251091703;
piA1=0.244541485;
piG1=0.220524017;
piT2=0.286026201;
piC2=0.257641921;
piA2=0.237991266;
piG2=0.218340611;
piT3=0.279069767;
piC3=0.255813953;
piA3=0.235880399;
piG3=0.229235880;
piT4=0.275147929;
piC4=0.260355030;
piA4=0.239644970;
piG4=0.224852071;
