rACp=1;
rAGp=3.4806;
rATp=1;
rCGp=1;
rTCp=5.7751;
rTGp=1;
piAp=0.25;
piCp=0.25;
piGp=0.25;
piTp=0.25;
piT1=0.257142857;
piC1=0.235714286;
piA1=0.257142857;
piG1=0.250000000;
piT2=0.257142857;
piC2=0.233333333;
piA2=0.254761905;
piG2=0.254761905;
piT3=0.246334311;
piC3=0.217008798;
piA3=0.263929619;
piG3=0.272727273;
piT4=0.267303103;
piC4=0.236276850;
piA4=0.245823389;
piG4=0.250596659;
