rACp=1;
rAGp=4.3358;
rATp=1;
rCGp=1;
rTCp=2.3792;
rTGp=1;
piAp=0.25;
piCp=0.25;
piGp=0.25;
piTp=0.25;
piT1=0.262589928;
piC1=0.187050360;
piA1=0.356115108;
piG1=0.194244604;
piT2=0.262589928;
piC2=0.183453237;
piA2=0.359712230;
piG2=0.194244604;
piT3=0.220858896;
piC3=0.226993865;
piA3=0.349693252;
piG3=0.202453988;
piT4=0.259927798;
piC4=0.184115523;
piA4=0.353790614;
piG4=0.202166065;
