rACp=0.4954;
rAGp=2.1405;
rATp=1;
rCGp=0.4954;
rTCp=2.1405;
rTGp=1;
piAp=0.25;
piCp=0.25;
piGp=0.25;
piTp=0.25;
piT1=0.225653207;
piC1=0.178147268;
piA1=0.273159145;
piG1=0.323040380;
piT2=0.219047619;
piC2=0.185714286;
piA2=0.266666667;
piG2=0.328571429;
piT3=0.227106227;
piC3=0.183150183;
piA3=0.260073260;
piG3=0.329670330;
piT4=0.240875912;
piC4=0.165450122;
piA4=0.277372263;
piG4=0.316301703;
