rACp=1;
rAGp=3.8752;
rATp=1;
rCGp=1;
rTCp=3.8752;
rTGp=1;
piAp=0.25;
piCp=0.25;
piGp=0.25;
piTp=0.25;
piT1=0.284375000;
piC1=0.181250000;
piA1=0.309375000;
piG1=0.225000000;
piT2=0.281250000;
piC2=0.181250000;
piA2=0.306250000;
piG2=0.231250000;
piT3=0.297413793;
piC3=0.181034483;
piA3=0.323275862;
piG3=0.198275862;
piT4=0.291536050;
piC4=0.175548589;
piA4=0.307210031;
piG4=0.225705329;
