rACp=1;
rAGp=2.6701;
rATp=1;
rCGp=1;
rTCp=2.6701;
rTGp=1;
piAp=0.25;
piCp=0.25;
piGp=0.25;
piTp=0.25;
piT1=0.257692308;
piC1=0.288461538;
piA1=0.250000000;
piG1=0.203846154;
piT2=0.250000000;
piC2=0.288461538;
piA2=0.253846154;
piG2=0.207692308;
piT3=0.247104247;
piC3=0.285714286;
piA3=0.262548263;
piG3=0.204633205;
piT4=0.250000000;
piC4=0.288461538;
piA4=0.246153846;
piG4=0.215384615;
