rACp=1;
rAGp=5.5598;
rATp=1;
rCGp=1;
rTCp=3.8716;
rTGp=1;
piAp=0.1645;
piCp=0.2629;
piGp=0.3400;
piTp=0.2326;
piT1=0.232653061;
piC1=0.265306122;
piA1=0.155102041;
piG1=0.346938776;
piT2=0.216326531;
piC2=0.293877551;
piA2=0.159183673;
piG2=0.330612245;
piT3=0.232653061;
piC3=0.269387755;
piA3=0.155102041;
piG3=0.342857143;
piT4=0.248979592;
piC4=0.261224490;
piA4=0.171428571;
piG4=0.318367347;
