rACp=0.6707;
rAGp=1.6908;
rATp=1;
rCGp=0.6707;
rTCp=1.6908;
rTGp=1;
piAp=0.25;
piCp=0.25;
piGp=0.25;
piTp=0.25;
piT1=0.243542435;
piC1=0.191881919;
piA1=0.361623616;
piG1=0.202952030;
piT2=0.239852399;
piC2=0.191881919;
piA2=0.369003690;
piG2=0.199261993;
piT3=0.234817814;
piC3=0.198380567;
piA3=0.344129555;
piG3=0.222672065;
piT4=0.231660232;
piC4=0.185328185;
piA4=0.370656371;
piG4=0.212355212;
