rACp=1.7207;
rAGp=3.3364;
rATp=1;
rCGp=1.7207;
rTCp=3.3364;
rTGp=1;
piAp=0.25;
piCp=0.25;
piGp=0.25;
piTp=0.25;
piT1=0.277777778;
piC1=0.216049383;
piA1=0.376543210;
piG1=0.129629630;
piT2=0.282051282;
piC2=0.205128205;
piA2=0.378205128;
piG2=0.134615385;
piT3=0.225000000;
piC3=0.241666667;
piA3=0.391666667;
piG3=0.141666667;
piT4=0.259259259;
piC4=0.166666667;
piA4=0.407407407;
piG4=0.166666667;
