rACp=1;
rAGp=2.9957;
rATp=1;
rCGp=1;
rTCp=4.6059;
rTGp=1;
piAp=0.25;
piCp=0.25;
piGp=0.25;
piTp=0.25;
piT1=0.251351351;
piC1=0.316216216;
piA1=0.202702703;
piG1=0.229729730;
piT2=0.237142857;
piC2=0.328571429;
piA2=0.211428571;
piG2=0.222857143;
piT3=0.223529412;
piC3=0.320588235;
piA3=0.208823529;
piG3=0.247058824;
piT4=0.235127479;
piC4=0.305949008;
piA4=0.209631728;
piG4=0.249291785;
