rACp=0.6312;
rAGp=2.2884;
rATp=0.6312;
rCGp=1;
rTCp=3.511;
rTGp=1;
piAp=0.1968;
piCp=0.2930;
piGp=0.2386;
piTp=0.2716;
piT1=0.304174950;
piC1=0.262425447;
piA1=0.202783300;
piG1=0.230616302;
piT2=0.292490119;
piC2=0.268774704;
piA2=0.201581028;
piG2=0.237154150;
piT3=0.288184438;
piC3=0.288184438;
piA3=0.204610951;
piG3=0.219020173;
piT4=0.280632411;
piC4=0.274703557;
piA4=0.205533597;
piG4=0.239130435;
