rACp=0.655;
rAGp=3.7476;
rATp=0.655;
rCGp=1;
rTCp=3.7476;
rTGp=1;
piAp=0.25;
piCp=0.25;
piGp=0.25;
piTp=0.25;
piT1=0.257352941;
piC1=0.215686275;
piA1=0.286764706;
piG1=0.240196078;
piT2=0.252450980;
piC2=0.220588235;
piA2=0.286764706;
piG2=0.240196078;
piT3=0.236842105;
piC3=0.280701754;
piA3=0.276315789;
piG3=0.206140351;
piT4=0.250620347;
piC4=0.233250620;
piA4=0.300248139;
piG4=0.215880893;
