rACp=1;
rAGp=4.2126;
rATp=1;
rCGp=1;
rTCp=2.7216;
rTGp=1;
piAp=0.25;
piCp=0.25;
piGp=0.25;
piTp=0.25;
piT1=0.259345794;
piC1=0.214953271;
piA1=0.287383178;
piG1=0.238317757;
piT2=0.259345794;
piC2=0.212616822;
piA2=0.289719626;
piG2=0.238317757;
piT3=0.272151899;
piC3=0.212025316;
piA3=0.253164557;
piG3=0.262658228;
piT4=0.265550239;
piC4=0.222488038;
piA4=0.267942584;
piG4=0.244019139;
