rACp=1.5791;
rAGp=3.374;
rATp=1;
rCGp=1.5791;
rTCp=3.374;
rTGp=1;
piAp=0.25;
piCp=0.25;
piGp=0.25;
piTp=0.25;
piT1=0.209756098;
piC1=0.248780488;
piA1=0.321951220;
piG1=0.219512195;
piT2=0.204878049;
piC2=0.248780488;
piA2=0.312195122;
piG2=0.234146341;
piT3=0.213930348;
piC3=0.223880597;
piA3=0.323383085;
piG3=0.238805970;
piT4=0.216494845;
piC4=0.226804124;
piA4=0.314432990;
piG4=0.242268041;
