rACp=1;
rAGp=3.8286;
rATp=1;
rCGp=1;
rTCp=3.8286;
rTGp=1;
piAp=0.25;
piCp=0.25;
piGp=0.25;
piTp=0.25;
piT1=0.295532646;
piC1=0.202749141;
piA1=0.271477663;
piG1=0.230240550;
piT2=0.307971014;
piC2=0.217391304;
piA2=0.264492754;
piG2=0.210144928;
piT3=0.292181070;
piC3=0.209876543;
piA3=0.296296296;
piG3=0.201646091;
piT4=0.298611111;
piC4=0.208333333;
piA4=0.281250000;
piG4=0.211805556;
