rACp=0.9611;
rAGp=4.2534;
rATp=0.7072;
rCGp=1.9199;
rTCp=4.2534;
rTGp=1;
piAp=0.25;
piCp=0.25;
piGp=0.25;
piTp=0.25;
piT1=0.283163265;
piC1=0.239795918;
piA1=0.227040816;
piG1=0.250000000;
piT2=0.282321900;
piC2=0.234828496;
piA2=0.242744063;
piG2=0.240105541;
piT3=0.291095890;
piC3=0.229452055;
piA3=0.215753425;
piG3=0.263698630;
piT4=0.283116883;
piC4=0.236363636;
piA4=0.238961039;
piG4=0.241558442;
