rACp=0.6105;
rAGp=3.1374;
rATp=0.6568;
rCGp=2.2152;
rTCp=3.1374;
rTGp=1;
piAp=0.25;
piCp=0.25;
piGp=0.25;
piTp=0.25;
piT1=0.283464567;
piC1=0.232283465;
piA1=0.251968504;
piG1=0.232283465;
piT2=0.267716535;
piC2=0.248031496;
piA2=0.259842520;
piG2=0.224409449;
piT3=0.271653543;
piC3=0.248031496;
piA3=0.259842520;
piG3=0.220472441;
piT4=0.258964143;
piC4=0.247011952;
piA4=0.258964143;
piG4=0.235059761;
