rACp=1;
rAGp=1.9957;
rATp=1;
rCGp=1;
rTCp=2.9826;
rTGp=1;
piAp=0.25;
piCp=0.25;
piGp=0.25;
piTp=0.25;
piT1=0.280442804;
piC1=0.258302583;
piA1=0.232472325;
piG1=0.228782288;
piT2=0.285185185;
piC2=0.251851852;
piA2=0.237037037;
piG2=0.225925926;
piT3=0.240909091;
piC3=0.281818182;
piA3=0.240909091;
piG3=0.236363636;
piT4=0.276119403;
piC4=0.261194030;
piA4=0.261194030;
piG4=0.201492537;
