rACp=0.3327;
rAGp=2.8738;
rATp=0.3327;
rCGp=1;
rTCp=2.8738;
rTGp=1;
piAp=0.25;
piCp=0.25;
piGp=0.25;
piTp=0.25;
piT1=0.296416938;
piC1=0.224755700;
piA1=0.250814332;
piG1=0.228013029;
piT2=0.298360656;
piC2=0.226229508;
piA2=0.249180328;
piG2=0.226229508;
piT3=0.296416938;
piC3=0.224755700;
piA3=0.244299674;
piG3=0.234527687;
piT4=0.299674267;
piC4=0.221498371;
piA4=0.247557003;
piG4=0.231270358;
