rACp=1;
rAGp=2.6954;
rATp=1;
rCGp=1;
rTCp=2.6954;
rTGp=1;
piAp=0.25;
piCp=0.25;
piGp=0.25;
piTp=0.25;
piT1=0.341288783;
piC1=0.174224344;
piA1=0.272076372;
piG1=0.212410501;
piT2=0.338902148;
piC2=0.167064439;
piA2=0.281622912;
piG2=0.212410501;
piT3=0.336538462;
piC3=0.173076923;
piA3=0.272435897;
piG3=0.217948718;
piT4=0.334146341;
piC4=0.178048780;
piA4=0.265853659;
piG4=0.221951220;
