rACp=2.2337;
rAGp=3.2499;
rATp=2.2337;
rCGp=1;
rTCp=3.2499;
rTGp=1;
piAp=0.25;
piCp=0.25;
piGp=0.25;
piTp=0.25;
piT1=0.340206186;
piC1=0.149484536;
piA1=0.293814433;
piG1=0.216494845;
piT2=0.338501292;
piC2=0.144702842;
piA2=0.307493540;
piG2=0.209302326;
piT3=0.319634703;
piC3=0.155251142;
piA3=0.324200913;
piG3=0.200913242;
piT4=0.336814621;
piC4=0.148825065;
piA4=0.297650131;
piG4=0.216710183;
