rACp=0.9103;
rAGp=3.3722;
rATp=0.8561;
rCGp=1.9884;
rTCp=3.3722;
rTGp=1;
piAp=0.25;
piCp=0.25;
piGp=0.25;
piTp=0.25;
piT1=0.242937853;
piC1=0.307909605;
piA1=0.223163842;
piG1=0.225988701;
piT2=0.267605634;
piC2=0.284507042;
piA2=0.239436620;
piG2=0.208450704;
piT3=0.232824427;
piC3=0.293893130;
piA3=0.229007634;
piG3=0.244274809;
piT4=0.231270358;
piC4=0.299674267;
piA4=0.241042345;
piG4=0.228013029;
