rACp=0.5337;
rAGp=2.5149;
rATp=0.5337;
rCGp=1;
rTCp=2.5149;
rTGp=1;
piAp=0.25;
piCp=0.25;
piGp=0.25;
piTp=0.25;
piT1=0.260000000;
piC1=0.225714286;
piA1=0.260000000;
piG1=0.254285714;
piT2=0.251428571;
piC2=0.234285714;
piA2=0.260000000;
piG2=0.254285714;
piT3=0.255131965;
piC3=0.225806452;
piA3=0.258064516;
piG3=0.260997067;
piT4=0.249258160;
piC4=0.222551929;
piA4=0.267062315;
piG4=0.261127596;
