rACp=2.1746;
rAGp=2.9666;
rATp=1;
rCGp=2.1746;
rTCp=2.9666;
rTGp=1;
piAp=0.2836;
piCp=0.1436;
piGp=0.1632;
piTp=0.4095;
piT1=0.407608696;
piC1=0.146739130;
piA1=0.282608696;
piG1=0.163043478;
piT2=0.418478261;
piC2=0.141304348;
piA2=0.277173913;
piG2=0.163043478;
piT3=0.425414365;
piC3=0.138121547;
piA3=0.276243094;
piG3=0.160220994;
piT4=0.413043478;
piC4=0.141304348;
piA4=0.277173913;
piG4=0.168478261;
