rACp=1;
rAGp=3.5807;
rATp=1;
rCGp=1;
rTCp=3.5807;
rTGp=1;
piAp=0.25;
piCp=0.25;
piGp=0.25;
piTp=0.25;
piT1=0.272000000;
piC1=0.168000000;
piA1=0.328000000;
piG1=0.232000000;
piT2=0.280000000;
piC2=0.160000000;
piA2=0.328000000;
piG2=0.232000000;
piT3=0.272000000;
piC3=0.168000000;
piA3=0.320000000;
piG3=0.240000000;
piT4=0.275862069;
piC4=0.189655172;
piA4=0.318965517;
piG4=0.215517241;
