rACp=1;
rAGp=3.2322;
rATp=1;
rCGp=1;
rTCp=3.2322;
rTGp=1;
piAp=0.25;
piCp=0.25;
piGp=0.25;
piTp=0.25;
piT1=0.285714286;
piC1=0.317784257;
piA1=0.224489796;
piG1=0.172011662;
piT2=0.299703264;
piC2=0.305637982;
piA2=0.222551929;
piG2=0.172106825;
piT3=0.266666667;
piC3=0.279166667;
piA3=0.245833333;
piG3=0.208333333;
piT4=0.280219780;
piC4=0.236263736;
piA4=0.274725275;
piG4=0.208791209;
