rACp=1.6495;
rAGp=4.9851;
rATp=1;
rCGp=1.6495;
rTCp=4.9851;
rTGp=1;
piAp=0.25;
piCp=0.25;
piGp=0.25;
piTp=0.25;
piT1=0.287054409;
piC1=0.258911820;
piA1=0.270168856;
piG1=0.183864916;
piT2=0.288930582;
piC2=0.260787992;
piA2=0.270168856;
piG2=0.180112570;
piT3=0.302857143;
piC3=0.260000000;
piA3=0.260000000;
piG3=0.177142857;
piT4=0.279549719;
piC4=0.268292683;
piA4=0.266416510;
piG4=0.185741088;
