rACp=1.7218;
rAGp=4.3945;
rATp=1;
rCGp=1.7218;
rTCp=4.3945;
rTGp=1;
piAp=0.25;
piCp=0.25;
piGp=0.25;
piTp=0.25;
piT1=0.324232082;
piC1=0.208191126;
piA1=0.307167235;
piG1=0.160409556;
piT2=0.324232082;
piC2=0.204778157;
piA2=0.310580205;
piG2=0.160409556;
piT3=0.336363636;
piC3=0.227272727;
piA3=0.268181818;
piG3=0.168181818;
piT4=0.324232082;
piC4=0.211604096;
piA4=0.296928328;
piG4=0.167235495;
