rACp=1;
rAGp=2.5861;
rATp=1;
rCGp=1;
rTCp=2.5861;
rTGp=1;
piAp=0.25;
piCp=0.25;
piGp=0.25;
piTp=0.25;
piT1=0.224637681;
piC1=0.188405797;
piA1=0.333333333;
piG1=0.253623188;
piT2=0.217391304;
piC2=0.188405797;
piA2=0.347826087;
piG2=0.246376812;
piT3=0.210144928;
piC3=0.181159420;
piA3=0.347826087;
piG3=0.260869565;
piT4=0.210144928;
piC4=0.181159420;
piA4=0.347826087;
piG4=0.260869565;
