rACp=1;
rAGp=4.3214;
rATp=1;
rCGp=1;
rTCp=4.3214;
rTGp=1;
piAp=0.25;
piCp=0.25;
piGp=0.25;
piTp=0.25;
piT1=0.315151515;
piC1=0.185858586;
piA1=0.309090909;
piG1=0.189898990;
piT2=0.313253012;
piC2=0.186746988;
piA2=0.311244980;
piG2=0.188755020;
piT3=0.330188679;
piC3=0.220125786;
piA3=0.264150943;
piG3=0.185534591;
piT4=0.306748466;
piC4=0.186094070;
piA4=0.312883436;
piG4=0.194274029;
