rACp=1;
rAGp=1.6269;
rATp=1;
rCGp=1;
rTCp=1.6269;
rTGp=1;
piAp=0.25;
piCp=0.25;
piGp=0.25;
piTp=0.25;
piT1=0.269406393;
piC1=0.264840183;
piA1=0.210045662;
piG1=0.255707763;
piT2=0.260273973;
piC2=0.273972603;
piA2=0.210045662;
piG2=0.255707763;
piT3=0.258064516;
piC3=0.271889401;
piA3=0.207373272;
piG3=0.262672811;
piT4=0.270642202;
piC4=0.275229358;
piA4=0.211009174;
piG4=0.243119266;
