rACp=1;
rAGp=2.9589;
rATp=1;
rCGp=1;
rTCp=2.9589;
rTGp=1;
piAp=0.25;
piCp=0.25;
piGp=0.25;
piTp=0.25;
piT1=0.296747967;
piC1=0.170731707;
piA1=0.288617886;
piG1=0.243902439;
piT2=0.306772908;
piC2=0.171314741;
piA2=0.282868526;
piG2=0.239043825;
piT3=0.317972350;
piC3=0.165898618;
piA3=0.281105991;
piG3=0.235023041;
piT4=0.299107143;
piC4=0.183035714;
piA4=0.294642857;
piG4=0.223214286;
