rACp=1;
rAGp=2.5532;
rATp=1;
rCGp=1;
rTCp=2.5532;
rTGp=1;
piAp=0.25;
piCp=0.25;
piGp=0.25;
piTp=0.25;
piT1=0.294117647;
piC1=0.245098039;
piA1=0.274509804;
piG1=0.186274510;
piT2=0.313725490;
piC2=0.230392157;
piA2=0.284313725;
piG2=0.171568627;
piT3=0.288888889;
piC3=0.244444444;
piA3=0.296296296;
piG3=0.170370370;
piT4=0.318181818;
piC4=0.232323232;
piA4=0.282828283;
piG4=0.166666667;
