rACp=0.7626;
rAGp=5.7668;
rATp=0.5911;
rCGp=1.6354;
rTCp=3.843;
rTGp=1;
piAp=0.1849;
piCp=0.2904;
piGp=0.3175;
piTp=0.2072;
piT1=0.219931271;
piC1=0.274914089;
piA1=0.230240550;
piG1=0.274914089;
piT2=0.206185567;
piC2=0.292096220;
piA2=0.206185567;
piG2=0.295532646;
piT3=0.236842105;
piC3=0.228070175;
piA3=0.245614035;
piG3=0.289473684;
piT4=0.257731959;
piC4=0.250859107;
piA4=0.226804124;
piG4=0.264604811;
