rACp=1;
rAGp=3.3779;
rATp=1;
rCGp=1;
rTCp=3.3779;
rTGp=1;
piAp=0.2657;
piCp=0.2619;
piGp=0.2880;
piTp=0.1844;
piT1=0.187969925;
piC1=0.255639098;
piA1=0.266917293;
piG1=0.289473684;
piT2=0.187969925;
piC2=0.255639098;
piA2=0.263157895;
piG2=0.293233083;
piT3=0.170506912;
piC3=0.253456221;
piA3=0.276497696;
piG3=0.299539171;
piT4=0.161825726;
piC4=0.257261411;
piA4=0.278008299;
piG4=0.302904564;
