rACp=1;
rAGp=3.8549;
rATp=1;
rCGp=1;
rTCp=3.8549;
rTGp=1;
piAp=0.25;
piCp=0.25;
piGp=0.25;
piTp=0.25;
piT1=0.206477733;
piC1=0.303643725;
piA1=0.279352227;
piG1=0.210526316;
piT2=0.198380567;
piC2=0.311740891;
piA2=0.279352227;
piG2=0.210526316;
piT3=0.184873950;
piC3=0.331932773;
piA3=0.268907563;
piG3=0.214285714;
piT4=0.198380567;
piC4=0.315789474;
piA4=0.267206478;
piG4=0.218623482;
