rACp=0.6181;
rAGp=3.049;
rATp=0.6181;
rCGp=1;
rTCp=3.049;
rTGp=1;
piAp=0.25;
piCp=0.25;
piGp=0.25;
piTp=0.25;
piT1=0.231428571;
piC1=0.251428571;
piA1=0.282857143;
piG1=0.234285714;
piT2=0.232091691;
piC2=0.249283668;
piA2=0.283667622;
piG2=0.234957020;
piT3=0.227106227;
piC3=0.263736264;
piA3=0.285714286;
piG3=0.223443223;
piT4=0.240000000;
piC4=0.231428571;
piA4=0.288571429;
piG4=0.240000000;
