rACp=0.4552;
rAGp=6.0051;
rATp=0.4552;
rCGp=1;
rTCp=3.1022;
rTGp=1;
piAp=0.25;
piCp=0.25;
piGp=0.25;
piTp=0.25;
piT1=0.253424658;
piC1=0.212328767;
piA1=0.246575342;
piG1=0.287671233;
piT2=0.253424658;
piC2=0.205479452;
piA2=0.253424658;
piG2=0.287671233;
piT3=0.232876712;
piC3=0.212328767;
piA3=0.219178082;
piG3=0.335616438;
piT4=0.246575342;
piC4=0.205479452;
piA4=0.226027397;
piG4=0.321917808;
