rACp=1;
rAGp=4.3239;
rATp=1.4855;
rCGp=1.4855;
rTCp=4.3239;
rTGp=1;
piAp=0.25;
piCp=0.25;
piGp=0.25;
piTp=0.25;
piT1=0.271468144;
piC1=0.240997230;
piA1=0.257617729;
piG1=0.229916898;
piT2=0.277008310;
piC2=0.238227147;
piA2=0.254847645;
piG2=0.229916898;
piT3=0.261363636;
piC3=0.244318182;
piA3=0.250000000;
piG3=0.244318182;
piT4=0.256637168;
piC4=0.280235988;
piA4=0.221238938;
piG4=0.241887906;
