rACp=1;
rAGp=2.7201;
rATp=1;
rCGp=1;
rTCp=2.7201;
rTGp=1;
piAp=0.25;
piCp=0.25;
piGp=0.25;
piTp=0.25;
piT1=0.317901235;
piC1=0.219135802;
piA1=0.287037037;
piG1=0.175925926;
piT2=0.307692308;
piC2=0.233846154;
piA2=0.286153846;
piG2=0.172307692;
piT3=0.300000000;
piC3=0.217391304;
piA3=0.286956522;
piG3=0.195652174;
piT4=0.306501548;
piC4=0.238390093;
piA4=0.284829721;
piG4=0.170278638;
