rACp=0.2071;
rAGp=1.7043;
rATp=0.2071;
rCGp=1;
rTCp=0.987;
rTGp=1;
piAp=0.25;
piCp=0.25;
piGp=0.25;
piTp=0.25;
piT1=0.294117647;
piC1=0.219251337;
piA1=0.294117647;
piG1=0.192513369;
piT2=0.294117647;
piC2=0.213903743;
piA2=0.294117647;
piG2=0.197860963;
piT3=0.295698925;
piC3=0.215053763;
piA3=0.295698925;
piG3=0.193548387;
piT4=0.218579235;
piC4=0.234972678;
piA4=0.278688525;
piG4=0.267759563;
