rACp=0.4214;
rAGp=2.2927;
rATp=0.4214;
rCGp=1;
rTCp=2.2927;
rTGp=1;
piAp=0.25;
piCp=0.25;
piGp=0.25;
piTp=0.25;
piT1=0.260115607;
piC1=0.190751445;
piA1=0.317919075;
piG1=0.231213873;
piT2=0.271676301;
piC2=0.173410405;
piA2=0.317919075;
piG2=0.236994220;
piT3=0.265060241;
piC3=0.162650602;
piA3=0.331325301;
piG3=0.240963855;
piT4=0.260355030;
piC4=0.177514793;
piA4=0.307692308;
piG4=0.254437870;
