rACp=0.4349;
rAGp=2.1319;
rATp=0.4349;
rCGp=1;
rTCp=1.1448;
rTGp=1;
piAp=0.25;
piCp=0.25;
piGp=0.25;
piTp=0.25;
piT1=0.269230769;
piC1=0.130769231;
piA1=0.284615385;
piG1=0.315384615;
piT2=0.246153846;
piC2=0.176923077;
piA2=0.261538462;
piG2=0.315384615;
piT3=0.303030303;
piC3=0.136363636;
piA3=0.257575758;
piG3=0.303030303;
piT4=0.280303030;
piC4=0.151515152;
piA4=0.265151515;
piG4=0.303030303;
