rACp=1;
rAGp=3.5083;
rATp=1;
rCGp=1;
rTCp=3.5083;
rTGp=1;
piAp=0.25;
piCp=0.25;
piGp=0.25;
piTp=0.25;
piT1=0.312925170;
piC1=0.241496599;
piA1=0.244897959;
piG1=0.200680272;
piT2=0.317880795;
piC2=0.228476821;
piA2=0.248344371;
piG2=0.205298013;
piT3=0.312977099;
piC3=0.209923664;
piA3=0.270992366;
piG3=0.206106870;
piT4=0.344481605;
piC4=0.193979933;
piA4=0.267558528;
piG4=0.193979933;
