rACp=0.5918;
rAGp=2.2682;
rATp=0.5918;
rCGp=1;
rTCp=2.2682;
rTGp=1;
piAp=0.25;
piCp=0.25;
piGp=0.25;
piTp=0.25;
piT1=0.294460641;
piC1=0.250728863;
piA1=0.241982507;
piG1=0.212827988;
piT2=0.294460641;
piC2=0.244897959;
piA2=0.247813411;
piG2=0.212827988;
piT3=0.299595142;
piC3=0.271255061;
piA3=0.202429150;
piG3=0.226720648;
piT4=0.276397516;
piC4=0.263975155;
piA4=0.214285714;
piG4=0.245341615;
