rACp=1;
rAGp=3.8745;
rATp=1;
rCGp=1;
rTCp=3.8745;
rTGp=1;
piAp=0.25;
piCp=0.25;
piGp=0.25;
piTp=0.25;
piT1=0.218274112;
piC1=0.243654822;
piA1=0.294416244;
piG1=0.243654822;
piT2=0.223350254;
piC2=0.238578680;
piA2=0.294416244;
piG2=0.243654822;
piT3=0.231578947;
piC3=0.221052632;
piA3=0.315789474;
piG3=0.231578947;
piT4=0.218274112;
piC4=0.228426396;
piA4=0.304568528;
piG4=0.248730964;
