rACp=0.8556;
rAGp=2.9718;
rATp=0.3754;
rCGp=3.725;
rTCp=4.6977;
rTGp=1;
piAp=0.25;
piCp=0.25;
piGp=0.25;
piTp=0.25;
piT1=0.357142857;
piC1=0.226190476;
piA1=0.222222222;
piG1=0.194444444;
piT2=0.353174603;
piC2=0.230158730;
piA2=0.214285714;
piG2=0.202380952;
piT3=0.352000000;
piC3=0.232000000;
piA3=0.212000000;
piG3=0.204000000;
piT4=0.324675325;
piC4=0.246753247;
piA4=0.207792208;
piG4=0.220779221;
