rACp=1;
rAGp=3.9128;
rATp=1;
rCGp=1;
rTCp=3.9128;
rTGp=1;
piAp=0.25;
piCp=0.25;
piGp=0.25;
piTp=0.25;
piT1=0.243654822;
piC1=0.233502538;
piA1=0.269035533;
piG1=0.253807107;
piT2=0.238578680;
piC2=0.233502538;
piA2=0.274111675;
piG2=0.253807107;
piT3=0.233502538;
piC3=0.243654822;
piA3=0.289340102;
piG3=0.233502538;
piT4=0.221674877;
piC4=0.256157635;
piA4=0.280788177;
piG4=0.241379310;
