rACp=1.3939;
rAGp=3.3571;
rATp=1;
rCGp=1.3939;
rTCp=4.0784;
rTGp=1;
piAp=0.25;
piCp=0.25;
piGp=0.25;
piTp=0.25;
piT1=0.281954887;
piC1=0.219924812;
piA1=0.261278195;
piG1=0.236842105;
piT2=0.278195489;
piC2=0.223684211;
piA2=0.261278195;
piG2=0.236842105;
piT3=0.306954436;
piC3=0.196642686;
piA3=0.280575540;
piG3=0.215827338;
piT4=0.293785311;
piC4=0.207156309;
piA4=0.276836158;
piG4=0.222222222;
