rACp=1.597;
rAGp=3.4027;
rATp=1;
rCGp=1.597;
rTCp=3.4027;
rTGp=1;
piAp=0.25;
piCp=0.25;
piGp=0.25;
piTp=0.25;
piT1=0.259541985;
piC1=0.187022901;
piA1=0.282442748;
piG1=0.270992366;
piT2=0.252873563;
piC2=0.199233716;
piA2=0.275862069;
piG2=0.272030651;
piT3=0.251207729;
piC3=0.212560386;
piA3=0.265700483;
piG3=0.270531401;
piT4=0.248091603;
piC4=0.202290076;
piA4=0.274809160;
piG4=0.274809160;
