rACp=1;
rAGp=4.6943;
rATp=1;
rCGp=1;
rTCp=4.6943;
rTGp=1;
piAp=0.25;
piCp=0.25;
piGp=0.25;
piTp=0.25;
piT1=0.243421053;
piC1=0.200657895;
piA1=0.286184211;
piG1=0.269736842;
piT2=0.246710526;
piC2=0.197368421;
piA2=0.279605263;
piG2=0.276315789;
piT3=0.258064516;
piC3=0.211469534;
piA3=0.272401434;
piG3=0.258064516;
piT4=0.240924092;
piC4=0.194719472;
piA4=0.287128713;
piG4=0.277227723;
