rACp=0.618;
rAGp=3.0919;
rATp=0.618;
rCGp=1;
rTCp=3.0919;
rTGp=1;
piAp=0.25;
piCp=0.25;
piGp=0.25;
piTp=0.25;
piT1=0.285714286;
piC1=0.214285714;
piA1=0.261904762;
piG1=0.238095238;
piT2=0.278911565;
piC2=0.231292517;
piA2=0.258503401;
piG2=0.231292517;
piT3=0.252577320;
piC3=0.268041237;
piA3=0.237113402;
piG3=0.242268041;
piT4=0.285223368;
piC4=0.223367698;
piA4=0.264604811;
piG4=0.226804124;
