rACp=1.4708;
rAGp=4.0781;
rATp=1;
rCGp=1.4708;
rTCp=4.0781;
rTGp=1;
piAp=0.1713;
piCp=0.2771;
piGp=0.2616;
piTp=0.2901;
piT1=0.292899408;
piC1=0.275147929;
piA1=0.168639053;
piG1=0.263313609;
piT2=0.298816568;
piC2=0.272189349;
piA2=0.168639053;
piG2=0.260355030;
piT3=0.294117647;
piC3=0.272058824;
piA3=0.176470588;
piG3=0.257352941;
piT4=0.303303303;
piC4=0.258258258;
piA4=0.180180180;
piG4=0.258258258;
