rACp=1;
rAGp=4.3077;
rATp=1;
rCGp=1;
rTCp=2.4292;
rTGp=1;
piAp=0.25;
piCp=0.25;
piGp=0.25;
piTp=0.25;
piT1=0.227722772;
piC1=0.183168317;
piA1=0.341584158;
piG1=0.247524752;
piT2=0.227722772;
piC2=0.188118812;
piA2=0.331683168;
piG2=0.252475248;
piT3=0.247524752;
piC3=0.173267327;
piA3=0.346534653;
piG3=0.232673267;
piT4=0.243781095;
piC4=0.179104478;
piA4=0.333333333;
piG4=0.243781095;
