rACp=0.5304;
rAGp=2.2882;
rATp=0.5304;
rCGp=1;
rTCp=3.3939;
rTGp=1;
piAp=0.25;
piCp=0.25;
piGp=0.25;
piTp=0.25;
piT1=0.346031746;
piC1=0.266666667;
piA1=0.196825397;
piG1=0.190476190;
piT2=0.355555556;
piC2=0.263492063;
piA2=0.203174603;
piG2=0.177777778;
piT3=0.366438356;
piC3=0.246575342;
piA3=0.181506849;
piG3=0.205479452;
piT4=0.367892977;
piC4=0.240802676;
piA4=0.187290970;
piG4=0.204013378;
