rACp=1;
rAGp=5.4038;
rATp=1;
rCGp=1;
rTCp=2.0064;
rTGp=1;
piAp=0.25;
piCp=0.25;
piGp=0.25;
piTp=0.25;
piT1=0.263803681;
piC1=0.190184049;
piA1=0.349693252;
piG1=0.196319018;
piT2=0.256097561;
piC2=0.195121951;
piA2=0.353658537;
piG2=0.195121951;
piT3=0.257668712;
piC3=0.196319018;
piA3=0.349693252;
piG3=0.196319018;
piT4=0.257668712;
piC4=0.196319018;
piA4=0.355828221;
piG4=0.190184049;
