rACp=1;
rAGp=3.8406;
rATp=1;
rCGp=1;
rTCp=3.8406;
rTGp=1;
piAp=0.25;
piCp=0.25;
piGp=0.25;
piTp=0.25;
piT1=0.260545906;
piC1=0.203473945;
piA1=0.317617866;
piG1=0.218362283;
piT2=0.261728395;
piC2=0.202469136;
piA2=0.311111111;
piG2=0.224691358;
piT3=0.259911894;
piC3=0.198237885;
piA3=0.290748899;
piG3=0.251101322;
piT4=0.262376238;
piC4=0.200495050;
piA4=0.321782178;
piG4=0.215346535;
