rACp=1;
rAGp=5.1846;
rATp=1;
rCGp=1;
rTCp=3.0394;
rTGp=1;
piAp=0.25;
piCp=0.25;
piGp=0.25;
piTp=0.25;
piT1=0.239910314;
piC1=0.217488789;
piA1=0.320627803;
piG1=0.221973094;
piT2=0.242152466;
piC2=0.215246637;
piA2=0.318385650;
piG2=0.224215247;
piT3=0.236923077;
piC3=0.187692308;
piA3=0.344615385;
piG3=0.230769231;
piT4=0.242696629;
piC4=0.217977528;
piA4=0.316853933;
piG4=0.222471910;
