rACp=1;
rAGp=3.278;
rATp=1;
rCGp=1;
rTCp=3.278;
rTGp=1;
piAp=0.25;
piCp=0.25;
piGp=0.25;
piTp=0.25;
piT1=0.287671233;
piC1=0.178082192;
piA1=0.317351598;
piG1=0.216894977;
piT2=0.289954338;
piC2=0.178082192;
piA2=0.319634703;
piG2=0.212328767;
piT3=0.272727273;
piC3=0.209486166;
piA3=0.296442688;
piG3=0.221343874;
piT4=0.285714286;
piC4=0.193548387;
piA4=0.315668203;
piG4=0.205069124;
