rACp=1;
rAGp=2.9361;
rATp=1;
rCGp=1;
rTCp=2.9361;
rTGp=1;
piAp=0.3732;
piCp=0.1874;
piGp=0.1817;
piTp=0.2577;
piT1=0.252032520;
piC1=0.195121951;
piA1=0.382113821;
piG1=0.170731707;
piT2=0.255144033;
piC2=0.185185185;
piA2=0.378600823;
piG2=0.181069959;
piT3=0.260638298;
piC3=0.186170213;
piA3=0.372340426;
piG3=0.180851064;
piT4=0.282407407;
piC4=0.185185185;
piA4=0.365740741;
piG4=0.166666667;
