rACp=1;
rAGp=3.824;
rATp=1;
rCGp=1;
rTCp=3.824;
rTGp=1;
piAp=0.25;
piCp=0.25;
piGp=0.25;
piTp=0.25;
piT1=0.289355322;
piC1=0.247376312;
piA1=0.251874063;
piG1=0.211394303;
piT2=0.286356822;
piC2=0.242878561;
piA2=0.257871064;
piG2=0.212893553;
piT3=0.274559194;
piC3=0.226700252;
piA3=0.294710327;
piG3=0.204030227;
piT4=0.291101056;
piC4=0.242835596;
piA4=0.257918552;
piG4=0.208144796;
