rACp=1;
rAGp=3.3591;
rATp=1;
rCGp=1;
rTCp=3.3591;
rTGp=1;
piAp=0.25;
piCp=0.25;
piGp=0.25;
piTp=0.25;
piT1=0.255754476;
piC1=0.222506394;
piA1=0.317135550;
piG1=0.204603581;
piT2=0.264248705;
piC2=0.222797927;
piA2=0.321243523;
piG2=0.191709845;
piT3=0.212000000;
piC3=0.244000000;
piA3=0.324000000;
piG3=0.220000000;
piT4=0.261658031;
piC4=0.233160622;
piA4=0.323834197;
piG4=0.181347150;
