rACp=1.5107;
rAGp=3.5209;
rATp=1;
rCGp=1.5107;
rTCp=3.5209;
rTGp=1;
piAp=0.25;
piCp=0.25;
piGp=0.25;
piTp=0.25;
piT1=0.272413793;
piC1=0.144827586;
piA1=0.355172414;
piG1=0.227586207;
piT2=0.272413793;
piC2=0.144827586;
piA2=0.351724138;
piG2=0.231034483;
piT3=0.264423077;
piC3=0.149038462;
piA3=0.346153846;
piG3=0.240384615;
piT4=0.265517241;
piC4=0.158620690;
piA4=0.365517241;
piG4=0.210344828;
