rACp=1.5487;
rAGp=3.9317;
rATp=1;
rCGp=1.5487;
rTCp=3.9317;
rTGp=1;
piAp=0.25;
piCp=0.25;
piGp=0.25;
piTp=0.25;
piT1=0.233146067;
piC1=0.207865169;
piA1=0.325842697;
piG1=0.233146067;
piT2=0.229691877;
piC2=0.207282913;
piA2=0.333333333;
piG2=0.229691877;
piT3=0.227906977;
piC3=0.195348837;
piA3=0.348837209;
piG3=0.227906977;
piT4=0.246418338;
piC4=0.209169054;
piA4=0.320916905;
piG4=0.223495702;
