rACp=0.658;
rAGp=1.5122;
rATp=1;
rCGp=0.658;
rTCp=1.5122;
rTGp=1;
piAp=0.25;
piCp=0.25;
piGp=0.25;
piTp=0.25;
piT1=0.310043668;
piC1=0.235807860;
piA1=0.222707424;
piG1=0.231441048;
piT2=0.310043668;
piC2=0.235807860;
piA2=0.227074236;
piG2=0.227074236;
piT3=0.336898396;
piC3=0.213903743;
piA3=0.229946524;
piG3=0.219251337;
piT4=0.308370044;
piC4=0.233480176;
piA4=0.242290749;
piG4=0.215859031;
