rACp=1.8371;
rAGp=4.8795;
rATp=1;
rCGp=1.8371;
rTCp=4.8795;
rTGp=1;
piAp=0.2802;
piCp=0.1860;
piGp=0.3235;
piTp=0.2103;
piT1=0.224637681;
piC1=0.173913043;
piA1=0.275362319;
piG1=0.326086957;
piT2=0.217391304;
piC2=0.181159420;
piA2=0.289855072;
piG2=0.311594203;
piT3=0.188405797;
piC3=0.195652174;
piA3=0.282608696;
piG3=0.333333333;
piT4=0.217391304;
piC4=0.181159420;
piA4=0.282608696;
piG4=0.318840580;
