rACp=0.8516;
rAGp=3.6404;
rATp=0.0012;
rCGp=1.3658;
rTCp=3.6404;
rTGp=1;
piAp=0.25;
piCp=0.25;
piGp=0.25;
piTp=0.25;
piT1=0.265822785;
piC1=0.208860759;
piA1=0.253164557;
piG1=0.272151899;
piT2=0.272151899;
piC2=0.205696203;
piA2=0.250000000;
piG2=0.272151899;
piT3=0.274509804;
piC3=0.196078431;
piA3=0.254901961;
piG3=0.274509804;
piT4=0.262658228;
piC4=0.215189873;
piA4=0.250000000;
piG4=0.272151899;
