rACp=0.7137;
rAGp=3.0405;
rATp=0.7137;
rCGp=1;
rTCp=3.0405;
rTGp=1;
piAp=0.25;
piCp=0.25;
piGp=0.25;
piTp=0.25;
piT1=0.333333333;
piC1=0.246153846;
piA1=0.205128205;
piG1=0.215384615;
piT2=0.335051546;
piC2=0.247422680;
piA2=0.195876289;
piG2=0.221649485;
piT3=0.324607330;
piC3=0.251308901;
piA3=0.198952880;
piG3=0.225130890;
piT4=0.336787565;
piC4=0.248704663;
piA4=0.191709845;
piG4=0.222797927;
