rACp=1.6467;
rAGp=4.3066;
rATp=1;
rCGp=1.6467;
rTCp=4.3066;
rTGp=1;
piAp=0.25;
piCp=0.25;
piGp=0.25;
piTp=0.25;
piT1=0.265217391;
piC1=0.243478261;
piA1=0.273913043;
piG1=0.217391304;
piT2=0.269565217;
piC2=0.252173913;
piA2=0.260869565;
piG2=0.217391304;
piT3=0.286995516;
piC3=0.237668161;
piA3=0.282511211;
piG3=0.192825112;
piT4=0.282296651;
piC4=0.248803828;
piA4=0.258373206;
piG4=0.210526316;
