rACp=3.1633;
rAGp=2.0659;
rATp=3.1633;
rCGp=1;
rTCp=8.0916;
rTGp=1;
piAp=0.25;
piCp=0.25;
piGp=0.25;
piTp=0.25;
piT1=0.280000000;
piC1=0.230000000;
piA1=0.255000000;
piG1=0.235000000;
piT2=0.275000000;
piC2=0.235000000;
piA2=0.270000000;
piG2=0.220000000;
piT3=0.280000000;
piC3=0.235000000;
piA3=0.255000000;
piG3=0.230000000;
piT4=0.286432161;
piC4=0.226130653;
piA4=0.261306533;
piG4=0.226130653;
