rACp=1;
rAGp=3.0342;
rATp=1;
rCGp=1;
rTCp=4.4431;
rTGp=1;
piAp=0.25;
piCp=0.25;
piGp=0.25;
piTp=0.25;
piT1=0.251461988;
piC1=0.269005848;
piA1=0.245614035;
piG1=0.233918129;
piT2=0.239766082;
piC2=0.274853801;
piA2=0.228070175;
piG2=0.257309942;
piT3=0.259259259;
piC3=0.259259259;
piA3=0.253086420;
piG3=0.228395062;
piT4=0.245614035;
piC4=0.280701754;
piA4=0.233918129;
piG4=0.239766082;
