rACp=1;
rAGp=3.4142;
rATp=1;
rCGp=1;
rTCp=3.4142;
rTGp=1;
piAp=0.25;
piCp=0.25;
piGp=0.25;
piTp=0.25;
piT1=0.261627907;
piC1=0.186046512;
piA1=0.377906977;
piG1=0.174418605;
piT2=0.281609195;
piC2=0.166666667;
piA2=0.379310345;
piG2=0.172413793;
piT3=0.277419355;
piC3=0.187096774;
piA3=0.367741935;
piG3=0.167741935;
piT4=0.287356322;
piC4=0.183908046;
piA4=0.316091954;
piG4=0.212643678;
