rACp=2.0708;
rAGp=4.1523;
rATp=2.1584;
rCGp=4.9198;
rTCp=7.1834;
rTGp=1;
piAp=0.25;
piCp=0.25;
piGp=0.25;
piTp=0.25;
piT1=0.241860465;
piC1=0.246511628;
piA1=0.237209302;
piG1=0.274418605;
piT2=0.237209302;
piC2=0.246511628;
piA2=0.237209302;
piG2=0.279069767;
piT3=0.227906977;
piC3=0.260465116;
piA3=0.237209302;
piG3=0.274418605;
piT4=0.235849057;
piC4=0.259433962;
piA4=0.226415094;
piG4=0.278301887;
