rACp=1;
rAGp=3.8611;
rATp=1;
rCGp=1;
rTCp=2.4356;
rTGp=1;
piAp=0.25;
piCp=0.25;
piGp=0.25;
piTp=0.25;
piT1=0.304498270;
piC1=0.207612457;
piA1=0.328719723;
piG1=0.159169550;
piT2=0.314878893;
piC2=0.200692042;
piA2=0.339100346;
piG2=0.145328720;
piT3=0.333333333;
piC3=0.183673469;
piA3=0.333333333;
piG3=0.149659864;
piT4=0.304029304;
piC4=0.186813187;
piA4=0.322344322;
piG4=0.186813187;
