rACp=0.7462;
rAGp=2.5185;
rATp=0.7462;
rCGp=1;
rTCp=2.5185;
rTGp=1;
piAp=0.25;
piCp=0.25;
piGp=0.25;
piTp=0.25;
piT1=0.268722467;
piC1=0.224669604;
piA1=0.303964758;
piG1=0.202643172;
piT2=0.259911894;
piC2=0.233480176;
piA2=0.303964758;
piG2=0.202643172;
piT3=0.216049383;
piC3=0.228395062;
piA3=0.296296296;
piG3=0.259259259;
piT4=0.252212389;
piC4=0.243362832;
piA4=0.269911504;
piG4=0.234513274;
