rACp=0.6181;
rAGp=2.2394;
rATp=0.6181;
rCGp=1;
rTCp=2.2394;
rTGp=1;
piAp=0.25;
piCp=0.25;
piGp=0.25;
piTp=0.25;
piT1=0.310439560;
piC1=0.233516484;
piA1=0.258241758;
piG1=0.197802198;
piT2=0.315934066;
piC2=0.230769231;
piA2=0.260989011;
piG2=0.192307692;
piT3=0.333333333;
piC3=0.219931271;
piA3=0.257731959;
piG3=0.189003436;
piT4=0.314049587;
piC4=0.228650138;
piA4=0.258953168;
piG4=0.198347107;
