rACp=0.5396;
rAGp=2.2972;
rATp=0.5396;
rCGp=1;
rTCp=2.2972;
rTGp=1;
piAp=0.25;
piCp=0.25;
piGp=0.25;
piTp=0.25;
piT1=0.294117647;
piC1=0.241176471;
piA1=0.182352941;
piG1=0.282352941;
piT2=0.300000000;
piC2=0.247058824;
piA2=0.188235294;
piG2=0.264705882;
piT3=0.303571429;
piC3=0.238095238;
piA3=0.202380952;
piG3=0.255952381;
piT4=0.317647059;
piC4=0.223529412;
piA4=0.170588235;
piG4=0.288235294;
