rACp=0.5163;
rAGp=1.3927;
rATp=0.5163;
rCGp=1;
rTCp=1.3927;
rTGp=1;
piAp=0.25;
piCp=0.25;
piGp=0.25;
piTp=0.25;
piT1=0.278571429;
piC1=0.200000000;
piA1=0.285714286;
piG1=0.235714286;
piT2=0.281045752;
piC2=0.189542484;
piA2=0.300653595;
piG2=0.228758170;
piT3=0.268656716;
piC3=0.208955224;
piA3=0.261194030;
piG3=0.261194030;
piT4=0.254901961;
piC4=0.209150327;
piA4=0.294117647;
piG4=0.241830065;
