rACp=1.6678;
rAGp=3.9634;
rATp=1;
rCGp=1.6678;
rTCp=3.9634;
rTGp=1;
piAp=0.25;
piCp=0.25;
piGp=0.25;
piTp=0.25;
piT1=0.312676056;
piC1=0.180281690;
piA1=0.301408451;
piG1=0.205633803;
piT2=0.312676056;
piC2=0.185915493;
piA2=0.295774648;
piG2=0.205633803;
piT3=0.330708661;
piC3=0.208661417;
piA3=0.244094488;
piG3=0.216535433;
piT4=0.309248555;
piC4=0.205202312;
piA4=0.274566474;
piG4=0.210982659;
