rACp=1;
rAGp=2.7247;
rATp=1;
rCGp=1;
rTCp=2.7247;
rTGp=1;
piAp=0.25;
piCp=0.25;
piGp=0.25;
piTp=0.25;
piT1=0.338582677;
piC1=0.181102362;
piA1=0.248031496;
piG1=0.232283465;
piT2=0.326771654;
piC2=0.188976378;
piA2=0.259842520;
piG2=0.224409449;
piT3=0.358208955;
piC3=0.184079602;
piA3=0.263681592;
piG3=0.194029851;
piT4=0.337301587;
piC4=0.186507937;
piA4=0.250000000;
piG4=0.226190476;
