rACp=1.478;
rAGp=4.3141;
rATp=1;
rCGp=1.478;
rTCp=4.3141;
rTGp=1;
piAp=0.25;
piCp=0.25;
piGp=0.25;
piTp=0.25;
piT1=0.297297297;
piC1=0.218673219;
piA1=0.312039312;
piG1=0.171990172;
piT2=0.294840295;
piC2=0.223587224;
piA2=0.302211302;
piG2=0.179361179;
piT3=0.326241135;
piC3=0.237588652;
piA3=0.269503546;
piG3=0.166666667;
piT4=0.285012285;
piC4=0.221130221;
piA4=0.309582310;
piG4=0.184275184;
