rACp=3.5642;
rAGp=5.4098;
rATp=1;
rCGp=3.5642;
rTCp=5.4098;
rTGp=1;
piAp=0.2961;
piCp=0.2067;
piGp=0.1625;
piTp=0.3347;
piT1=0.334975369;
piC1=0.211822660;
piA1=0.290640394;
piG1=0.162561576;
piT2=0.359605911;
piC2=0.187192118;
piA2=0.290640394;
piG2=0.162561576;
piT3=0.339901478;
piC3=0.206896552;
piA3=0.295566502;
piG3=0.157635468;
piT4=0.335025381;
piC4=0.208121827;
piA4=0.289340102;
piG4=0.167512690;
