rACp=1;
rAGp=2.6418;
rATp=1;
rCGp=1;
rTCp=2.6418;
rTGp=1;
piAp=0.25;
piCp=0.25;
piGp=0.25;
piTp=0.25;
piT1=0.335877863;
piC1=0.202290076;
piA1=0.255725191;
piG1=0.206106870;
piT2=0.339694656;
piC2=0.202290076;
piA2=0.251908397;
piG2=0.206106870;
piT3=0.337301587;
piC3=0.222222222;
piA3=0.234126984;
piG3=0.206349206;
piT4=0.343511450;
piC4=0.202290076;
piA4=0.263358779;
piG4=0.190839695;
