rACp=1.4718;
rAGp=3.9441;
rATp=1;
rCGp=1.4718;
rTCp=3.9441;
rTGp=1;
piAp=0.25;
piCp=0.25;
piGp=0.25;
piTp=0.25;
piT1=0.285714286;
piC1=0.198757764;
piA1=0.270186335;
piG1=0.245341615;
piT2=0.282608696;
piC2=0.214285714;
piA2=0.254658385;
piG2=0.248447205;
piT3=0.276497696;
piC3=0.198156682;
piA3=0.271889401;
piG3=0.253456221;
piT4=0.304347826;
piC4=0.198757764;
piA4=0.263975155;
piG4=0.232919255;
