rACp=0.5843;
rAGp=2.1708;
rATp=0.5843;
rCGp=1;
rTCp=2.1708;
rTGp=1;
piAp=0.25;
piCp=0.25;
piGp=0.25;
piTp=0.25;
piT1=0.251445087;
piC1=0.271676301;
piA1=0.234104046;
piG1=0.242774566;
piT2=0.254335260;
piC2=0.268786127;
piA2=0.236994220;
piG2=0.239884393;
piT3=0.234323432;
piC3=0.283828383;
piA3=0.240924092;
piG3=0.240924092;
piT4=0.226299694;
piC4=0.284403670;
piA4=0.238532110;
piG4=0.250764526;
