rACp=1;
rAGp=2.1873;
rATp=1;
rCGp=1;
rTCp=2.1873;
rTGp=1;
piAp=0.25;
piCp=0.25;
piGp=0.25;
piTp=0.25;
piT1=0.216666667;
piC1=0.208333333;
piA1=0.325000000;
piG1=0.250000000;
piT2=0.216666667;
piC2=0.208333333;
piA2=0.316666667;
piG2=0.258333333;
piT3=0.258333333;
piC3=0.200000000;
piA3=0.275000000;
piG3=0.266666667;
piT4=0.233333333;
piC4=0.241666667;
piA4=0.233333333;
piG4=0.291666667;
