rACp=0.4129;
rAGp=1.7948;
rATp=0.4129;
rCGp=1;
rTCp=1.7948;
rTGp=1;
piAp=0.25;
piCp=0.25;
piGp=0.25;
piTp=0.25;
piT1=0.225409836;
piC1=0.270491803;
piA1=0.200819672;
piG1=0.303278689;
piT2=0.237704918;
piC2=0.258196721;
piA2=0.200819672;
piG2=0.303278689;
piT3=0.270270270;
piC3=0.254054054;
piA3=0.162162162;
piG3=0.313513514;
piT4=0.223958333;
piC4=0.239583333;
piA4=0.177083333;
piG4=0.359375000;
