rACp=1;
rAGp=6.4372;
rATp=1.4669;
rCGp=1.4669;
rTCp=3.8311;
rTGp=1;
piAp=0.25;
piCp=0.25;
piGp=0.25;
piTp=0.25;
piT1=0.292307692;
piC1=0.200000000;
piA1=0.273076923;
piG1=0.234615385;
piT2=0.288461538;
piC2=0.200000000;
piA2=0.273076923;
piG2=0.238461538;
piT3=0.324444444;
piC3=0.204444444;
piA3=0.248888889;
piG3=0.222222222;
piT4=0.303846154;
piC4=0.196153846;
piA4=0.250000000;
piG4=0.250000000;
