rACp=0.6014;
rAGp=3.4247;
rATp=0.6014;
rCGp=1;
rTCp=3.4247;
rTGp=1;
piAp=0.25;
piCp=0.25;
piGp=0.25;
piTp=0.25;
piT1=0.317142857;
piC1=0.202857143;
piA1=0.320000000;
piG1=0.160000000;
piT2=0.325714286;
piC2=0.197142857;
piA2=0.314285714;
piG2=0.162857143;
piT3=0.321428571;
piC3=0.203571429;
piA3=0.325000000;
piG3=0.150000000;
piT4=0.328445748;
piC4=0.196480938;
piA4=0.316715543;
piG4=0.158357771;
