rACp=0.547;
rAGp=2.8808;
rATp=0.8867;
rCGp=1.9933;
rTCp=2.8808;
rTGp=1;
piAp=0.25;
piCp=0.25;
piGp=0.25;
piTp=0.25;
piT1=0.265454545;
piC1=0.229090909;
piA1=0.330909091;
piG1=0.174545455;
piT2=0.261818182;
piC2=0.236363636;
piA2=0.330909091;
piG2=0.170909091;
piT3=0.260000000;
piC3=0.195000000;
piA3=0.355000000;
piG3=0.190000000;
piT4=0.261818182;
piC4=0.221818182;
piA4=0.330909091;
piG4=0.185454545;
