rACp=0.4604;
rAGp=1.8786;
rATp=0.4604;
rCGp=1;
rTCp=1.8786;
rTGp=1;
piAp=0.25;
piCp=0.25;
piGp=0.25;
piTp=0.25;
piT1=0.278625954;
piC1=0.164122137;
piA1=0.358778626;
piG1=0.198473282;
piT2=0.274809160;
piC2=0.167938931;
piA2=0.358778626;
piG2=0.198473282;
piT3=0.265625000;
piC3=0.171875000;
piA3=0.338541667;
piG3=0.223958333;
piT4=0.279069767;
piC4=0.170542636;
piA4=0.356589147;
piG4=0.193798450;
