rACp=0.5504;
rAGp=2.2141;
rATp=0.5504;
rCGp=1;
rTCp=2.2141;
rTGp=1;
piAp=0.25;
piCp=0.25;
piGp=0.25;
piTp=0.25;
piT1=0.277108434;
piC1=0.257028112;
piA1=0.293172691;
piG1=0.172690763;
piT2=0.297188755;
piC2=0.240963855;
piA2=0.289156627;
piG2=0.172690763;
piT3=0.307053942;
piC3=0.228215768;
piA3=0.286307054;
piG3=0.178423237;
piT4=0.290322581;
piC4=0.258064516;
piA4=0.213709677;
piG4=0.237903226;
