rACp=1.4947;
rAGp=3.4634;
rATp=1;
rCGp=1.4947;
rTCp=3.4634;
rTGp=1;
piAp=0.25;
piCp=0.25;
piGp=0.25;
piTp=0.25;
piT1=0.273255814;
piC1=0.229651163;
piA1=0.290697674;
piG1=0.206395349;
piT2=0.268221574;
piC2=0.236151603;
piA2=0.291545190;
piG2=0.204081633;
piT3=0.245370370;
piC3=0.240740741;
piA3=0.319444444;
piG3=0.194444444;
piT4=0.266081871;
piC4=0.248538012;
piA4=0.286549708;
piG4=0.198830409;
