rACp=1;
rAGp=2.3323;
rATp=1;
rCGp=1;
rTCp=2.3323;
rTGp=1;
piAp=0.25;
piCp=0.25;
piGp=0.25;
piTp=0.25;
piT1=0.324468085;
piC1=0.127659574;
piA1=0.345744681;
piG1=0.202127660;
piT2=0.320855615;
piC2=0.133689840;
piA2=0.352941176;
piG2=0.192513369;
piT3=0.349056604;
piC3=0.169811321;
piA3=0.264150943;
piG3=0.216981132;
piT4=0.340425532;
piC4=0.143617021;
piA4=0.297872340;
piG4=0.218085106;
