rACp=1;
rAGp=4.0437;
rATp=1;
rCGp=1;
rTCp=4.0437;
rTGp=1;
piAp=0.25;
piCp=0.25;
piGp=0.25;
piTp=0.25;
piT1=0.267326733;
piC1=0.242574257;
piA1=0.240099010;
piG1=0.250000000;
piT2=0.272952854;
piC2=0.233250620;
piA2=0.243176179;
piG2=0.250620347;
piT3=0.217054264;
piC3=0.248062016;
piA3=0.259689922;
piG3=0.275193798;
piT4=0.262734584;
piC4=0.222520107;
piA4=0.260053619;
piG4=0.254691689;
