rACp=0.4734;
rAGp=2.9368;
rATp=0.4734;
rCGp=1;
rTCp=2.9368;
rTGp=1;
piAp=0.25;
piCp=0.25;
piGp=0.25;
piTp=0.25;
piT1=0.284403670;
piC1=0.205504587;
piA1=0.295412844;
piG1=0.214678899;
piT2=0.287545788;
piC2=0.203296703;
piA2=0.294871795;
piG2=0.214285714;
piT3=0.296610169;
piC3=0.194915254;
piA3=0.305084746;
piG3=0.203389831;
piT4=0.273422562;
piC4=0.206500956;
piA4=0.298279159;
piG4=0.221797323;
