rACp=1;
rAGp=2.932;
rATp=1.5006;
rCGp=1.5006;
rTCp=2.932;
rTGp=1;
piAp=0.1912;
piCp=0.3430;
piGp=0.2565;
piTp=0.2093;
piT1=0.230952381;
piC1=0.328571429;
piA1=0.200000000;
piG1=0.240476190;
piT2=0.221428571;
piC2=0.333333333;
piA2=0.202380952;
piG2=0.242857143;
piT3=0.219941349;
piC3=0.299120235;
piA3=0.219941349;
piG3=0.260997067;
piT4=0.235714286;
piC4=0.295238095;
piA4=0.219047619;
piG4=0.250000000;
