rACp=2.0422;
rAGp=2.3866;
rATp=1;
rCGp=2.0422;
rTCp=2.3866;
rTGp=1;
piAp=0.3190;
piCp=0.1217;
piGp=0.1803;
piTp=0.3790;
piT1=0.380794702;
piC1=0.119205298;
piA1=0.319536424;
piG1=0.180463576;
piT2=0.377483444;
piC2=0.119205298;
piA2=0.322847682;
piG2=0.180463576;
piT3=0.383386581;
piC3=0.121405751;
piA3=0.322683706;
piG3=0.172523962;
piT4=0.383193277;
piC4=0.124369748;
piA4=0.319327731;
piG4=0.173109244;
