rACp=0.5563;
rAGp=2.335;
rATp=0.5563;
rCGp=1;
rTCp=2.335;
rTGp=1;
piAp=0.25;
piCp=0.25;
piGp=0.25;
piTp=0.25;
piT1=0.257575758;
piC1=0.212121212;
piA1=0.295454545;
piG1=0.234848485;
piT2=0.265151515;
piC2=0.212121212;
piA2=0.287878788;
piG2=0.234848485;
piT3=0.254716981;
piC3=0.226415094;
piA3=0.273584906;
piG3=0.245283019;
piT4=0.210526316;
piC4=0.187969925;
piA4=0.330827068;
piG4=0.270676692;
