rACp=1;
rAGp=4.7887;
rATp=1;
rCGp=1;
rTCp=4.7887;
rTGp=1;
piAp=0.25;
piCp=0.25;
piGp=0.25;
piTp=0.25;
piT1=0.299552906;
piC1=0.201192250;
piA1=0.275707899;
piG1=0.223546945;
piT2=0.296572280;
piC2=0.204172876;
piA2=0.271236960;
piG2=0.228017884;
piT3=0.343163539;
piC3=0.219839142;
piA3=0.235924933;
piG3=0.201072386;
piT4=0.300300300;
piC4=0.207207207;
piA4=0.268768769;
piG4=0.223723724;
