rACp=0.4158;
rAGp=1.8056;
rATp=0.4158;
rCGp=1;
rTCp=1.028;
rTGp=1;
piAp=0.25;
piCp=0.25;
piGp=0.25;
piTp=0.25;
piT1=0.227272727;
piC1=0.227272727;
piA1=0.336363636;
piG1=0.209090909;
piT2=0.227272727;
piC2=0.209090909;
piA2=0.345454545;
piG2=0.218181818;
piT3=0.245454545;
piC3=0.209090909;
piA3=0.327272727;
piG3=0.218181818;
piT4=0.245454545;
piC4=0.209090909;
piA4=0.318181818;
piG4=0.227272727;
