rACp=2.2291;
rAGp=5.4688;
rATp=1;
rCGp=2.2291;
rTCp=5.4688;
rTGp=1;
piAp=0.25;
piCp=0.25;
piGp=0.25;
piTp=0.25;
piT1=0.232876712;
piC1=0.212328767;
piA1=0.256849315;
piG1=0.297945205;
piT2=0.229452055;
piC2=0.212328767;
piA2=0.256849315;
piG2=0.301369863;
piT3=0.234875445;
piC3=0.209964413;
piA3=0.245551601;
piG3=0.309608541;
piT4=0.226027397;
piC4=0.215753425;
piA4=0.253424658;
piG4=0.304794521;
