rACp=1;
rAGp=2.8661;
rATp=1;
rCGp=1;
rTCp=4.4432;
rTGp=1;
piAp=0.25;
piCp=0.25;
piGp=0.25;
piTp=0.25;
piT1=0.325949367;
piC1=0.199367089;
piA1=0.243670886;
piG1=0.231012658;
piT2=0.329113924;
piC2=0.196202532;
piA2=0.243670886;
piG2=0.231012658;
piT3=0.325949367;
piC3=0.196202532;
piA3=0.253164557;
piG3=0.224683544;
piT4=0.322784810;
piC4=0.218354430;
piA4=0.240506329;
piG4=0.218354430;
