rACp=1.1746;
rAGp=3.1985;
rATp=0.9495;
rCGp=2.1392;
rTCp=3.1985;
rTGp=1;
piAp=0.25;
piCp=0.25;
piGp=0.25;
piTp=0.25;
piT1=0.334337349;
piC1=0.231927711;
piA1=0.256024096;
piG1=0.177710843;
piT2=0.337349398;
piC2=0.228915663;
piA2=0.256024096;
piG2=0.177710843;
piT3=0.322314050;
piC3=0.239669421;
piA3=0.264462810;
piG3=0.173553719;
piT4=0.293706294;
piC4=0.251748252;
piA4=0.262237762;
piG4=0.192307692;
