rACp=1;
rAGp=3.5591;
rATp=1.4786;
rCGp=1.4786;
rTCp=3.5591;
rTGp=1;
piAp=0.25;
piCp=0.25;
piGp=0.25;
piTp=0.25;
piT1=0.259375000;
piC1=0.225000000;
piA1=0.278125000;
piG1=0.237500000;
piT2=0.253125000;
piC2=0.234375000;
piA2=0.275000000;
piG2=0.237500000;
piT3=0.240000000;
piC3=0.240000000;
piA3=0.283333333;
piG3=0.236666667;
piT4=0.242753623;
piC4=0.246376812;
piA4=0.322463768;
piG4=0.188405797;
