rACp=2.1945;
rAGp=4.9268;
rATp=1;
rCGp=2.1945;
rTCp=4.9268;
rTGp=1;
piAp=0.25;
piCp=0.25;
piGp=0.25;
piTp=0.25;
piT1=0.292775665;
piC1=0.193916350;
piA1=0.330798479;
piG1=0.182509506;
piT2=0.292775665;
piC2=0.190114068;
piA2=0.330798479;
piG2=0.186311787;
piT3=0.292775665;
piC3=0.186311787;
piA3=0.330798479;
piG3=0.190114068;
piT4=0.285171103;
piC4=0.197718631;
piA4=0.323193916;
piG4=0.193916350;
