rACp=1.5857;
rAGp=4.8078;
rATp=1;
rCGp=1.5857;
rTCp=4.8078;
rTGp=1;
piAp=0.25;
piCp=0.25;
piGp=0.25;
piTp=0.25;
piT1=0.228070175;
piC1=0.228070175;
piA1=0.284210526;
piG1=0.259649123;
piT2=0.231578947;
piC2=0.231578947;
piA2=0.284210526;
piG2=0.252631579;
piT3=0.200000000;
piC3=0.226666667;
piA3=0.313333333;
piG3=0.260000000;
piT4=0.236749117;
piC4=0.243816254;
piA4=0.286219081;
piG4=0.233215548;
