rACp=1;
rAGp=1.2412;
rATp=1;
rCGp=1;
rTCp=3.7136;
rTGp=1;
piAp=0.25;
piCp=0.25;
piGp=0.25;
piTp=0.25;
piT1=0.299319728;
piC1=0.292517007;
piA1=0.183673469;
piG1=0.224489796;
piT2=0.292517007;
piC2=0.299319728;
piA2=0.176870748;
piG2=0.231292517;
piT3=0.340136054;
piC3=0.285714286;
piA3=0.156462585;
piG3=0.217687075;
piT4=0.346938776;
piC4=0.272108844;
piA4=0.156462585;
piG4=0.224489796;
