rACp=0.6205;
rAGp=2.7146;
rATp=0.6205;
rCGp=1;
rTCp=2.7146;
rTGp=1;
piAp=0.25;
piCp=0.25;
piGp=0.25;
piTp=0.25;
piT1=0.250000000;
piC1=0.227611940;
piA1=0.272388060;
piG1=0.250000000;
piT2=0.253731343;
piC2=0.227611940;
piA2=0.272388060;
piG2=0.246268657;
piT3=0.264591440;
piC3=0.214007782;
piA3=0.268482490;
piG3=0.252918288;
piT4=0.260377358;
piC4=0.222641509;
piA4=0.279245283;
piG4=0.237735849;
