rACp=0.9993;
rAGp=3.7619;
rATp=0.8557;
rCGp=2.0182;
rTCp=3.7619;
rTGp=1;
piAp=0.2640;
piCp=0.2980;
piGp=0.2459;
piTp=0.1922;
piT1=0.190476190;
piC1=0.293650794;
piA1=0.272486772;
piG1=0.243386243;
piT2=0.195767196;
piC2=0.291005291;
piA2=0.269841270;
piG2=0.243386243;
piT3=0.221804511;
piC3=0.319548872;
piA3=0.206766917;
piG3=0.251879699;
piT4=0.188953488;
piC4=0.287790698;
piA4=0.267441860;
piG4=0.255813953;
