rACp=0.6777;
rAGp=3.1866;
rATp=0.6777;
rCGp=1;
rTCp=3.1866;
rTGp=1;
piAp=0.25;
piCp=0.25;
piGp=0.25;
piTp=0.25;
piT1=0.307535642;
piC1=0.252545825;
piA1=0.252545825;
piG1=0.187372709;
piT2=0.304259635;
piC2=0.261663286;
piA2=0.249492901;
piG2=0.184584178;
piT3=0.327225131;
piC3=0.261780105;
piA3=0.235602094;
piG3=0.175392670;
piT4=0.299794661;
piC4=0.262833676;
piA4=0.246406571;
piG4=0.190965092;
