rACp=0.6743;
rAGp=3.4391;
rATp=0.6743;
rCGp=1;
rTCp=3.4391;
rTGp=1;
piAp=0.25;
piCp=0.25;
piGp=0.25;
piTp=0.25;
piT1=0.310734463;
piC1=0.211864407;
piA1=0.262711864;
piG1=0.214689266;
piT2=0.315340909;
piC2=0.201704545;
piA2=0.267045455;
piG2=0.215909091;
piT3=0.265560166;
piC3=0.232365145;
piA3=0.257261411;
piG3=0.244813278;
piT4=0.303514377;
piC4=0.226837061;
piA4=0.284345048;
piG4=0.185303514;
