rACp=0.5693;
rAGp=1.7351;
rATp=0.5693;
rCGp=1;
rTCp=1.7351;
rTGp=1;
piAp=0.25;
piCp=0.25;
piGp=0.25;
piTp=0.25;
piT1=0.230125523;
piC1=0.234309623;
piA1=0.343096234;
piG1=0.192468619;
piT2=0.234309623;
piC2=0.230125523;
piA2=0.343096234;
piG2=0.192468619;
piT3=0.229074890;
piC3=0.251101322;
piA3=0.334801762;
piG3=0.185022026;
piT4=0.230125523;
piC4=0.246861925;
piA4=0.338912134;
piG4=0.184100418;
