rACp=1;
rAGp=4.0643;
rATp=1;
rCGp=1;
rTCp=4.0643;
rTGp=1;
piAp=0.25;
piCp=0.25;
piGp=0.25;
piTp=0.25;
piT1=0.300000000;
piC1=0.295000000;
piA1=0.180000000;
piG1=0.225000000;
piT2=0.300000000;
piC2=0.290000000;
piA2=0.180000000;
piG2=0.230000000;
piT3=0.300000000;
piC3=0.295000000;
piA3=0.190000000;
piG3=0.215000000;
piT4=0.285000000;
piC4=0.300000000;
piA4=0.195000000;
piG4=0.220000000;
