rACp=1.5765;
rAGp=2.0687;
rATp=1.0029;
rCGp=0.4045;
rTCp=2.0687;
rTGp=1;
piAp=0.25;
piCp=0.25;
piGp=0.25;
piTp=0.25;
piT1=0.348453608;
piC1=0.185567010;
piA1=0.296907216;
piG1=0.169072165;
piT2=0.346391753;
piC2=0.187628866;
piA2=0.298969072;
piG2=0.167010309;
piT3=0.372180451;
piC3=0.187969925;
piA3=0.263157895;
piG3=0.176691729;
piT4=0.348837209;
piC4=0.190274841;
piA4=0.295983087;
piG4=0.164904863;
