rACp=0.4442;
rAGp=2.9082;
rATp=0.4442;
rCGp=1;
rTCp=2.9082;
rTGp=1;
piAp=0.25;
piCp=0.25;
piGp=0.25;
piTp=0.25;
piT1=0.284345048;
piC1=0.204472843;
piA1=0.223642173;
piG1=0.287539936;
piT2=0.274760383;
piC2=0.210862620;
piA2=0.220447284;
piG2=0.293929712;
piT3=0.252873563;
piC3=0.235632184;
piA3=0.235632184;
piG3=0.275862069;
piT4=0.275261324;
piC4=0.219512195;
piA4=0.216027875;
piG4=0.289198606;
