rACp=1;
rAGp=3.0935;
rATp=1;
rCGp=1;
rTCp=3.0935;
rTGp=1;
piAp=0.25;
piCp=0.25;
piGp=0.25;
piTp=0.25;
piT1=0.280701754;
piC1=0.269005848;
piA1=0.239766082;
piG1=0.210526316;
piT2=0.292397661;
piC2=0.257309942;
piA2=0.239766082;
piG2=0.210526316;
piT3=0.294117647;
piC3=0.247058824;
piA3=0.252941176;
piG3=0.205882353;
piT4=0.288235294;
piC4=0.252941176;
piA4=0.241176471;
piG4=0.217647059;
