rACp=2.5593;
rAGp=3.1551;
rATp=2.5593;
rCGp=1;
rTCp=4.8578;
rTGp=1;
piAp=0.25;
piCp=0.25;
piGp=0.25;
piTp=0.25;
piT1=0.224489796;
piC1=0.204081633;
piA1=0.302721088;
piG1=0.268707483;
piT2=0.214285714;
piC2=0.210884354;
piA2=0.306122449;
piG2=0.268707483;
piT3=0.211111111;
piC3=0.218518519;
piA3=0.307407407;
piG3=0.262962963;
piT4=0.235507246;
piC4=0.228260870;
piA4=0.297101449;
piG4=0.239130435;
