rACp=1;
rAGp=3.9099;
rATp=1;
rCGp=1;
rTCp=3.9099;
rTGp=1;
piAp=0.25;
piCp=0.25;
piGp=0.25;
piTp=0.25;
piT1=0.263768116;
piC1=0.205797101;
piA1=0.353623188;
piG1=0.176811594;
piT2=0.263768116;
piC2=0.205797101;
piA2=0.353623188;
piG2=0.176811594;
piT3=0.254166667;
piC3=0.195833333;
piA3=0.345833333;
piG3=0.204166667;
piT4=0.249275362;
piC4=0.226086957;
piA4=0.330434783;
piG4=0.194202899;
