rACp=0.5089;
rAGp=2.4077;
rATp=0.5089;
rCGp=1;
rTCp=2.4077;
rTGp=1;
piAp=0.25;
piCp=0.25;
piGp=0.25;
piTp=0.25;
piT1=0.272500000;
piC1=0.187500000;
piA1=0.302500000;
piG1=0.237500000;
piT2=0.272500000;
piC2=0.187500000;
piA2=0.300000000;
piG2=0.240000000;
piT3=0.268929504;
piC3=0.185378590;
piA3=0.310704961;
piG3=0.234986945;
piT4=0.257069409;
piC4=0.195372751;
piA4=0.290488432;
piG4=0.257069409;
