rACp=0.6114;
rAGp=2.7872;
rATp=0.6114;
rCGp=1;
rTCp=2.7872;
rTGp=1;
piAp=0.25;
piCp=0.25;
piGp=0.25;
piTp=0.25;
piT1=0.270129870;
piC1=0.223376623;
piA1=0.293506494;
piG1=0.212987013;
piT2=0.283116883;
piC2=0.215584416;
piA2=0.306493506;
piG2=0.194805195;
piT3=0.308016878;
piC3=0.189873418;
piA3=0.286919831;
piG3=0.215189873;
piT4=0.275324675;
piC4=0.220779221;
piA4=0.301298701;
piG4=0.202597403;
