rACp=1;
rAGp=2.9319;
rATp=1;
rCGp=1;
rTCp=2.9319;
rTGp=1;
piAp=0.1737;
piCp=0.3541;
piGp=0.2641;
piTp=0.2082;
piT1=0.215686275;
piC1=0.352941176;
piA1=0.181372549;
piG1=0.250000000;
piT2=0.215686275;
piC2=0.348039216;
piA2=0.178921569;
piG2=0.257352941;
piT3=0.189973615;
piC3=0.358839050;
piA3=0.155672823;
piG3=0.295514512;
piT4=0.177777778;
piC4=0.375308642;
piA4=0.150617284;
piG4=0.296296296;
