rACp=1;
rAGp=2.9028;
rATp=1;
rCGp=1;
rTCp=2.9028;
rTGp=1;
piAp=0.25;
piCp=0.25;
piGp=0.25;
piTp=0.25;
piT1=0.206521739;
piC1=0.286231884;
piA1=0.170289855;
piG1=0.336956522;
piT2=0.210909091;
piC2=0.287272727;
piA2=0.167272727;
piG2=0.334545455;
piT3=0.209677419;
piC3=0.294354839;
piA3=0.153225806;
piG3=0.342741935;
piT4=0.199275362;
piC4=0.289855072;
piA4=0.184782609;
piG4=0.326086957;
