rACp=1;
rAGp=3.4359;
rATp=1.4413;
rCGp=1.4413;
rTCp=3.4359;
rTGp=1;
piAp=0.25;
piCp=0.25;
piGp=0.25;
piTp=0.25;
piT1=0.314868805;
piC1=0.250728863;
piA1=0.218658892;
piG1=0.215743440;
piT2=0.314868805;
piC2=0.250728863;
piA2=0.212827988;
piG2=0.221574344;
piT3=0.297385621;
piC3=0.258169935;
piA3=0.232026144;
piG3=0.212418301;
piT4=0.307228916;
piC4=0.253012048;
piA4=0.243975904;
piG4=0.195783133;
