rACp=1;
rAGp=3.2954;
rATp=1;
rCGp=1;
rTCp=3.2954;
rTGp=1;
piAp=0.25;
piCp=0.25;
piGp=0.25;
piTp=0.25;
piT1=0.267352185;
piC1=0.226221080;
piA1=0.308483290;
piG1=0.197943445;
piT2=0.272020725;
piC2=0.230569948;
piA2=0.305699482;
piG2=0.191709845;
piT3=0.301470588;
piC3=0.242647059;
piA3=0.272058824;
piG3=0.183823529;
piT4=0.266839378;
piC4=0.222797927;
piA4=0.295336788;
piG4=0.215025907;
