rACp=1;
rAGp=2.659;
rATp=1;
rCGp=1;
rTCp=2.659;
rTGp=1;
piAp=0.25;
piCp=0.25;
piGp=0.25;
piTp=0.25;
piT1=0.286069652;
piC1=0.221393035;
piA1=0.298507463;
piG1=0.194029851;
piT2=0.288557214;
piC2=0.221393035;
piA2=0.303482587;
piG2=0.186567164;
piT3=0.287531807;
piC3=0.226463104;
piA3=0.297709924;
piG3=0.188295165;
piT4=0.294617564;
piC4=0.229461756;
piA4=0.303116147;
piG4=0.172804533;
