rACp=1;
rAGp=4.3211;
rATp=2.0001;
rCGp=2.0001;
rTCp=4.3211;
rTGp=1;
piAp=0.25;
piCp=0.25;
piGp=0.25;
piTp=0.25;
piT1=0.272108844;
piC1=0.142857143;
piA1=0.299319728;
piG1=0.285714286;
piT2=0.265306122;
piC2=0.149659864;
piA2=0.312925170;
piG2=0.272108844;
piT3=0.251700680;
piC3=0.163265306;
piA3=0.312925170;
piG3=0.272108844;
piT4=0.265306122;
piC4=0.149659864;
piA4=0.312925170;
piG4=0.272108844;
