rACp=0.335;
rAGp=1.4436;
rATp=0.335;
rCGp=1;
rTCp=1.4436;
rTGp=1;
piAp=0.4651;
piCp=0.1397;
piGp=0.1172;
piTp=0.2780;
piT1=0.281976744;
piC1=0.139534884;
piA1=0.462209302;
piG1=0.116279070;
piT2=0.281976744;
piC2=0.139534884;
piA2=0.462209302;
piG2=0.116279070;
piT3=0.285067873;
piC3=0.126696833;
piA3=0.447963801;
piG3=0.140271493;
piT4=0.273356401;
piC4=0.138408304;
piA4=0.467128028;
piG4=0.121107266;
