rACp=1.7009;
rAGp=5.0781;
rATp=1;
rCGp=1.7009;
rTCp=5.0781;
rTGp=1;
piAp=0.25;
piCp=0.25;
piGp=0.25;
piTp=0.25;
piT1=0.339506173;
piC1=0.243827160;
piA1=0.271604938;
piG1=0.145061728;
piT2=0.339506173;
piC2=0.246913580;
piA2=0.271604938;
piG2=0.141975309;
piT3=0.345679012;
piC3=0.243827160;
piA3=0.265432099;
piG3=0.145061728;
piT4=0.347826087;
piC4=0.239130435;
piA4=0.263975155;
piG4=0.149068323;
