rACp=1;
rAGp=3.4896;
rATp=1;
rCGp=1;
rTCp=3.4896;
rTGp=1;
piAp=0.25;
piCp=0.25;
piGp=0.25;
piTp=0.25;
piT1=0.273684211;
piC1=0.214035088;
piA1=0.308771930;
piG1=0.203508772;
piT2=0.282051282;
piC2=0.212454212;
piA2=0.296703297;
piG2=0.208791209;
piT3=0.286245353;
piC3=0.197026022;
piA3=0.315985130;
piG3=0.200743494;
piT4=0.282229965;
piC4=0.202090592;
piA4=0.303135889;
piG4=0.212543554;
