rACp=1;
rAGp=3.9538;
rATp=1;
rCGp=1;
rTCp=3.9538;
rTGp=1;
piAp=0.25;
piCp=0.25;
piGp=0.25;
piTp=0.25;
piT1=0.301652893;
piC1=0.173553719;
piA1=0.322314050;
piG1=0.202479339;
piT2=0.301652893;
piC2=0.169421488;
piA2=0.322314050;
piG2=0.206611570;
piT3=0.290123457;
piC3=0.197530864;
piA3=0.358024691;
piG3=0.154320988;
piT4=0.270642202;
piC4=0.188073394;
piA4=0.316513761;
piG4=0.224770642;
