rACp=0.5131;
rAGp=2.2811;
rATp=0.5131;
rCGp=1;
rTCp=2.2811;
rTGp=1;
piAp=0.25;
piCp=0.25;
piGp=0.25;
piTp=0.25;
piT1=0.235294118;
piC1=0.260061920;
piA1=0.226006192;
piG1=0.278637771;
piT2=0.229102167;
piC2=0.266253870;
piA2=0.229102167;
piG2=0.275541796;
piT3=0.218253968;
piC3=0.261904762;
piA3=0.222222222;
piG3=0.297619048;
piT4=0.244372990;
piC4=0.250803859;
piA4=0.231511254;
piG4=0.273311897;
