rACp=1;
rAGp=4.4461;
rATp=1;
rCGp=1;
rTCp=4.4461;
rTGp=1;
piAp=0.25;
piCp=0.25;
piGp=0.25;
piTp=0.25;
piT1=0.270462633;
piC1=0.227758007;
piA1=0.270462633;
piG1=0.231316726;
piT2=0.266903915;
piC2=0.224199288;
piA2=0.263345196;
piG2=0.245551601;
piT3=0.253906250;
piC3=0.230468750;
piA3=0.265625000;
piG3=0.250000000;
piT4=0.256410256;
piC4=0.238095238;
piA4=0.282051282;
piG4=0.223443223;
