rACp=1;
rAGp=3.2022;
rATp=1;
rCGp=1;
rTCp=3.2022;
rTGp=1;
piAp=0.25;
piCp=0.25;
piGp=0.25;
piTp=0.25;
piT1=0.288135593;
piC1=0.193704600;
piA1=0.307506053;
piG1=0.210653753;
piT2=0.291970803;
piC2=0.189781022;
piA2=0.311435523;
piG2=0.206812652;
piT3=0.262500000;
piC3=0.215625000;
piA3=0.296875000;
piG3=0.225000000;
piT4=0.287469287;
piC4=0.191646192;
piA4=0.312039312;
piG4=0.208845209;
