rACp=1;
rAGp=3.2841;
rATp=1;
rCGp=1;
rTCp=3.2841;
rTGp=1;
piAp=0.25;
piCp=0.25;
piGp=0.25;
piTp=0.25;
piT1=0.243781095;
piC1=0.243781095;
piA1=0.308457711;
piG1=0.203980100;
piT2=0.248756219;
piC2=0.238805970;
piA2=0.298507463;
piG2=0.213930348;
piT3=0.251336898;
piC3=0.235294118;
piA3=0.288770053;
piG3=0.224598930;
piT4=0.238805970;
piC4=0.238805970;
piA4=0.298507463;
piG4=0.223880597;
