rACp=1.6322;
rAGp=4.5002;
rATp=1;
rCGp=1.6322;
rTCp=4.5002;
rTGp=1;
piAp=0.3180;
piCp=0.2086;
piGp=0.1806;
piTp=0.2928;
piT1=0.296928328;
piC1=0.209897611;
piA1=0.315699659;
piG1=0.177474403;
piT2=0.293515358;
piC2=0.209897611;
piA2=0.317406143;
piG2=0.179180887;
piT3=0.288135593;
piC3=0.190677966;
piA3=0.338983051;
piG3=0.182203390;
piT4=0.295221843;
piC4=0.204778157;
piA4=0.317406143;
piG4=0.182593857;
