rACp=1;
rAGp=2.6022;
rATp=1;
rCGp=1;
rTCp=2.6022;
rTGp=1;
piAp=0.25;
piCp=0.25;
piGp=0.25;
piTp=0.25;
piT1=0.320796460;
piC1=0.185840708;
piA1=0.292035398;
piG1=0.201327434;
piT2=0.320796460;
piC2=0.185840708;
piA2=0.303097345;
piG2=0.190265487;
piT3=0.292682927;
piC3=0.156097561;
piA3=0.317073171;
piG3=0.234146341;
piT4=0.317673378;
piC4=0.172259508;
piA4=0.295302013;
piG4=0.214765101;
