rACp=1;
rAGp=2.8809;
rATp=1;
rCGp=1;
rTCp=2.8809;
rTGp=1;
piAp=0.2367;
piCp=0.2879;
piGp=0.1839;
piTp=0.2915;
piT1=0.295918367;
piC1=0.280612245;
piA1=0.234693878;
piG1=0.188775510;
piT2=0.327272727;
piC2=0.290909091;
piA2=0.218181818;
piG2=0.163636364;
piT3=0.277456647;
piC3=0.289017341;
piA3=0.260115607;
piG3=0.173410405;
piT4=0.279792746;
piC4=0.290155440;
piA4=0.259067358;
piG4=0.170984456;
