rACp=1;
rAGp=3.8985;
rATp=1;
rCGp=1;
rTCp=2.2097;
rTGp=1;
piAp=0.25;
piCp=0.25;
piGp=0.25;
piTp=0.25;
piT1=0.192307692;
piC1=0.250000000;
piA1=0.326923077;
piG1=0.230769231;
piT2=0.209923664;
piC2=0.248091603;
piA2=0.312977099;
piG2=0.229007634;
piT3=0.181818182;
piC3=0.257575758;
piA3=0.338383838;
piG3=0.222222222;
piT4=0.184615385;
piC4=0.246153846;
piA4=0.323076923;
piG4=0.246153846;
