rACp=1.0022;
rAGp=3.179;
rATp=0.4832;
rCGp=3.008;
rTCp=3.179;
rTGp=1;
piAp=0.25;
piCp=0.25;
piGp=0.25;
piTp=0.25;
piT1=0.311036789;
piC1=0.227424749;
piA1=0.294314381;
piG1=0.167224080;
piT2=0.311036789;
piC2=0.227424749;
piA2=0.294314381;
piG2=0.167224080;
piT3=0.325670498;
piC3=0.210727969;
piA3=0.291187739;
piG3=0.172413793;
piT4=0.301003344;
piC4=0.244147157;
piA4=0.284280936;
piG4=0.170568562;
