rACp=0.5686;
rAGp=2.1751;
rATp=0.5686;
rCGp=1;
rTCp=2.1751;
rTGp=1;
piAp=0.25;
piCp=0.25;
piGp=0.25;
piTp=0.25;
piT1=0.287128713;
piC1=0.262376238;
piA1=0.252475248;
piG1=0.198019802;
piT2=0.282178218;
piC2=0.267326733;
piA2=0.257425743;
piG2=0.193069307;
piT3=0.275000000;
piC3=0.270000000;
piA3=0.250000000;
piG3=0.205000000;
piT4=0.267015707;
piC4=0.277486911;
piA4=0.246073298;
piG4=0.209424084;
