rACp=1;
rAGp=4.7582;
rATp=2.0417;
rCGp=2.0417;
rTCp=6.9366;
rTGp=1;
piAp=0.25;
piCp=0.25;
piGp=0.25;
piTp=0.25;
piT1=0.259574468;
piC1=0.219148936;
piA1=0.251063830;
piG1=0.270212766;
piT2=0.262820513;
piC2=0.215811966;
piA2=0.256410256;
piG2=0.264957265;
piT3=0.265753425;
piC3=0.213698630;
piA3=0.257534247;
piG3=0.263013699;
piT4=0.270588235;
piC4=0.211764706;
piA4=0.256470588;
piG4=0.261176471;
