rACp=1;
rAGp=3.8311;
rATp=1;
rCGp=1;
rTCp=3.8311;
rTGp=1;
piAp=0.25;
piCp=0.25;
piGp=0.25;
piTp=0.25;
piT1=0.271910112;
piC1=0.202247191;
piA1=0.314606742;
piG1=0.211235955;
piT2=0.269662921;
piC2=0.206741573;
piA2=0.314606742;
piG2=0.208988764;
piT3=0.245762712;
piC3=0.224576271;
piA3=0.334745763;
piG3=0.194915254;
piT4=0.263788969;
piC4=0.266187050;
piA4=0.282973621;
piG4=0.187050360;
