rACp=1;
rAGp=2.7496;
rATp=1;
rCGp=1;
rTCp=2.7496;
rTGp=1;
piAp=0.25;
piCp=0.25;
piGp=0.25;
piTp=0.25;
piT1=0.262096774;
piC1=0.201612903;
piA1=0.298387097;
piG1=0.237903226;
piT2=0.279527559;
piC2=0.200787402;
piA2=0.295275591;
piG2=0.224409449;
piT3=0.260162602;
piC3=0.199186992;
piA3=0.296747967;
piG3=0.243902439;
piT4=0.298804781;
piC4=0.219123506;
piA4=0.258964143;
piG4=0.223107570;
