rACp=1.5374;
rAGp=3.4027;
rATp=1;
rCGp=1.5374;
rTCp=3.4027;
rTGp=1;
piAp=0.3398;
piCp=0.2023;
piGp=0.1764;
piTp=0.2815;
piT1=0.283828383;
piC1=0.204620462;
piA1=0.346534653;
piG1=0.165016502;
piT2=0.280528053;
piC2=0.204620462;
piA2=0.349834983;
piG2=0.165016502;
piT3=0.245033113;
piC3=0.211920530;
piA3=0.370860927;
piG3=0.172185430;
piT4=0.305084746;
piC4=0.186440678;
piA4=0.338983051;
piG4=0.169491525;
