rACp=0.8692;
rAGp=4.0339;
rATp=1.0226;
rCGp=2.124;
rTCp=4.0339;
rTGp=1;
piAp=0.25;
piCp=0.25;
piGp=0.25;
piTp=0.25;
piT1=0.280453258;
piC1=0.181303116;
piA1=0.271954674;
piG1=0.266288952;
piT2=0.266288952;
piC2=0.178470255;
piA2=0.280453258;
piG2=0.274787535;
piT3=0.269102990;
piC3=0.192691030;
piA3=0.262458472;
piG3=0.275747508;
piT4=0.260355030;
piC4=0.183431953;
piA4=0.260355030;
piG4=0.295857988;
