rACp=1.7706;
rAGp=4.3763;
rATp=1;
rCGp=1.7706;
rTCp=4.3763;
rTGp=1;
piAp=0.25;
piCp=0.25;
piGp=0.25;
piTp=0.25;
piT1=0.349775785;
piC1=0.188340807;
piA1=0.260089686;
piG1=0.201793722;
piT2=0.348416290;
piC2=0.185520362;
piA2=0.262443439;
piG2=0.203619910;
piT3=0.323529412;
piC3=0.196078431;
piA3=0.279411765;
piG3=0.200980392;
piT4=0.317073171;
piC4=0.165853659;
piA4=0.282926829;
piG4=0.234146341;
