rACp=1;
rAGp=4.1165;
rATp=1;
rCGp=1;
rTCp=4.1165;
rTGp=1;
piAp=0.25;
piCp=0.25;
piGp=0.25;
piTp=0.25;
piT1=0.232142857;
piC1=0.242857143;
piA1=0.235714286;
piG1=0.289285714;
piT2=0.232142857;
piC2=0.250000000;
piA2=0.235714286;
piG2=0.282142857;
piT3=0.248520710;
piC3=0.278106509;
piA3=0.248520710;
piG3=0.224852071;
piT4=0.247787611;
piC4=0.274336283;
piA4=0.212389381;
piG4=0.265486726;
