rACp=0.6117;
rAGp=3.0204;
rATp=0.733;
rCGp=2.0854;
rTCp=3.0204;
rTGp=1;
piAp=0.25;
piCp=0.25;
piGp=0.25;
piTp=0.25;
piT1=0.346153846;
piC1=0.233974359;
piA1=0.262820513;
piG1=0.157051282;
piT2=0.342948718;
piC2=0.237179487;
piA2=0.266025641;
piG2=0.153846154;
piT3=0.314814815;
piC3=0.245370370;
piA3=0.254629630;
piG3=0.185185185;
piT4=0.324758842;
piC4=0.247588424;
piA4=0.263665595;
piG4=0.163987138;
