rACp=1;
rAGp=3.683;
rATp=1;
rCGp=1;
rTCp=3.683;
rTGp=1;
piAp=0.25;
piCp=0.25;
piGp=0.25;
piTp=0.25;
piT1=0.248322148;
piC1=0.204697987;
piA1=0.302013423;
piG1=0.244966443;
piT2=0.248322148;
piC2=0.204697987;
piA2=0.302013423;
piG2=0.244966443;
piT3=0.243055556;
piC3=0.208333333;
piA3=0.305555556;
piG3=0.243055556;
piT4=0.231833910;
piC4=0.214532872;
piA4=0.314878893;
piG4=0.238754325;
