rACp=1.5422;
rAGp=3.7605;
rATp=1;
rCGp=1.5422;
rTCp=3.7605;
rTGp=1;
piAp=0.25;
piCp=0.25;
piGp=0.25;
piTp=0.25;
piT1=0.274809160;
piC1=0.217557252;
piA1=0.270992366;
piG1=0.236641221;
piT2=0.285714286;
piC2=0.223443223;
piA2=0.271062271;
piG2=0.219780220;
piT3=0.324324324;
piC3=0.210810811;
piA3=0.227027027;
piG3=0.237837838;
piT4=0.282868526;
piC4=0.223107570;
piA4=0.262948207;
piG4=0.231075697;
