rACp=2.1334;
rAGp=4.0338;
rATp=1;
rCGp=2.1334;
rTCp=4.0338;
rTGp=1;
piAp=0.25;
piCp=0.25;
piGp=0.25;
piTp=0.25;
piT1=0.270967742;
piC1=0.187096774;
piA1=0.296774194;
piG1=0.245161290;
piT2=0.274509804;
piC2=0.176470588;
piA2=0.281045752;
piG2=0.267973856;
piT3=0.277419355;
piC3=0.174193548;
piA3=0.283870968;
piG3=0.264516129;
piT4=0.258064516;
piC4=0.200000000;
piA4=0.290322581;
piG4=0.251612903;
