rACp=1;
rAGp=2.8099;
rATp=1;
rCGp=1;
rTCp=2.8099;
rTGp=1;
piAp=0.25;
piCp=0.25;
piGp=0.25;
piTp=0.25;
piT1=0.281456954;
piC1=0.258278146;
piA1=0.268211921;
piG1=0.192052980;
piT2=0.271523179;
piC2=0.268211921;
piA2=0.268211921;
piG2=0.192052980;
piT3=0.272000000;
piC3=0.276000000;
piA3=0.256000000;
piG3=0.196000000;
piT4=0.254180602;
piC4=0.264214047;
piA4=0.274247492;
piG4=0.207357860;
