rACp=1;
rAGp=3.3816;
rATp=1;
rCGp=1;
rTCp=3.3816;
rTGp=1;
piAp=0.25;
piCp=0.25;
piGp=0.25;
piTp=0.25;
piT1=0.299401198;
piC1=0.225548902;
piA1=0.231536926;
piG1=0.243512974;
piT2=0.301397206;
piC2=0.223552894;
piA2=0.235528942;
piG2=0.239520958;
piT3=0.325966851;
piC3=0.218232044;
piA3=0.209944751;
piG3=0.245856354;
piT4=0.309623431;
piC4=0.209205021;
piA4=0.230125523;
piG4=0.251046025;
