rACp=1;
rAGp=3.4184;
rATp=1;
rCGp=1;
rTCp=3.4184;
rTGp=1;
piAp=0.2564;
piCp=0.2300;
piGp=0.2325;
piTp=0.2811;
piT1=0.276056338;
piC1=0.233802817;
piA1=0.259154930;
piG1=0.230985915;
piT2=0.276056338;
piC2=0.233802817;
piA2=0.256338028;
piG2=0.233802817;
piT3=0.304147465;
piC3=0.225806452;
piA3=0.225806452;
piG3=0.244239631;
piT4=0.368902439;
piC4=0.189024390;
piA4=0.250000000;
piG4=0.192073171;
