rACp=1;
rAGp=3.6186;
rATp=1;
rCGp=1;
rTCp=3.6186;
rTGp=1;
piAp=0.25;
piCp=0.25;
piGp=0.25;
piTp=0.25;
piT1=0.321543408;
piC1=0.183279743;
piA1=0.305466238;
piG1=0.189710611;
piT2=0.321543408;
piC2=0.183279743;
piA2=0.299035370;
piG2=0.196141479;
piT3=0.356223176;
piC3=0.163090129;
piA3=0.261802575;
piG3=0.218884120;
piT4=0.323129252;
piC4=0.170068027;
piA4=0.306122449;
piG4=0.200680272;
