rACp=0.5665;
rAGp=2.5908;
rATp=0.5665;
rCGp=1;
rTCp=2.5908;
rTGp=1;
piAp=0.25;
piCp=0.25;
piGp=0.25;
piTp=0.25;
piT1=0.267206478;
piC1=0.198380567;
piA1=0.303643725;
piG1=0.230769231;
piT2=0.271255061;
piC2=0.198380567;
piA2=0.307692308;
piG2=0.222672065;
piT3=0.235000000;
piC3=0.215000000;
piA3=0.300000000;
piG3=0.250000000;
piT4=0.214574899;
piC4=0.246963563;
piA4=0.279352227;
piG4=0.259109312;
