rACp=1;
rAGp=3.7118;
rATp=1;
rCGp=1;
rTCp=3.7118;
rTGp=1;
piAp=0.25;
piCp=0.25;
piGp=0.25;
piTp=0.25;
piT1=0.254716981;
piC1=0.259433962;
piA1=0.301886792;
piG1=0.183962264;
piT2=0.245098039;
piC2=0.274509804;
piA2=0.303921569;
piG2=0.176470588;
piT3=0.264705882;
piC3=0.245098039;
piA3=0.289215686;
piG3=0.200980392;
piT4=0.266355140;
piC4=0.275700935;
piA4=0.275700935;
piG4=0.182242991;
