rACp=1;
rAGp=3.3134;
rATp=1;
rCGp=1;
rTCp=3.3134;
rTGp=1;
piAp=0.25;
piCp=0.25;
piGp=0.25;
piTp=0.25;
piT1=0.286472149;
piC1=0.164456233;
piA1=0.336870027;
piG1=0.212201592;
piT2=0.284574468;
piC2=0.162234043;
piA2=0.337765957;
piG2=0.215425532;
piT3=0.295918367;
piC3=0.163265306;
piA3=0.340136054;
piG3=0.200680272;
piT4=0.299168975;
piC4=0.152354571;
piA4=0.337950139;
piG4=0.210526316;
