rACp=1.4443;
rAGp=3.7459;
rATp=1.4443;
rCGp=1;
rTCp=3.7459;
rTGp=1;
piAp=0.25;
piCp=0.25;
piGp=0.25;
piTp=0.25;
piT1=0.232189974;
piC1=0.306068602;
piA1=0.232189974;
piG1=0.229551451;
piT2=0.235294118;
piC2=0.301790281;
piA2=0.240409207;
piG2=0.222506394;
piT3=0.230496454;
piC3=0.283687943;
piA3=0.241134752;
piG3=0.244680851;
piT4=0.231404959;
piC4=0.308539945;
piA4=0.242424242;
piG4=0.217630854;
