rACp=1;
rAGp=3.2789;
rATp=1;
rCGp=1;
rTCp=3.2789;
rTGp=1;
piAp=0.3104;
piCp=0.2188;
piGp=0.2484;
piTp=0.2225;
piT1=0.230468750;
piC1=0.203125000;
piA1=0.316406250;
piG1=0.250000000;
piT2=0.244791667;
piC2=0.192708333;
piA2=0.317708333;
piG2=0.244791667;
piT3=0.259459459;
piC3=0.200000000;
piA3=0.286486486;
piG3=0.254054054;
piT4=0.210937500;
piC4=0.222656250;
piA4=0.324218750;
piG4=0.242187500;
