rACp=1.1095;
rAGp=4.4871;
rATp=0.906;
rCGp=2.4752;
rTCp=4.4871;
rTGp=1;
piAp=0.25;
piCp=0.25;
piGp=0.25;
piTp=0.25;
piT1=0.292803970;
piC1=0.220843672;
piA1=0.295285360;
piG1=0.191066998;
piT2=0.292803970;
piC2=0.220843672;
piA2=0.295285360;
piG2=0.191066998;
piT3=0.303514377;
piC3=0.223642173;
piA3=0.252396166;
piG3=0.220447284;
piT4=0.292803970;
piC4=0.213399504;
piA4=0.297766749;
piG4=0.196029777;
