rACp=1.8773;
rAGp=4.7347;
rATp=1;
rCGp=1.8773;
rTCp=8.2917;
rTGp=1;
piAp=0.25;
piCp=0.25;
piGp=0.25;
piTp=0.25;
piT1=0.260355030;
piC1=0.207100592;
piA1=0.260355030;
piG1=0.272189349;
piT2=0.260355030;
piC2=0.218934911;
piA2=0.248520710;
piG2=0.272189349;
piT3=0.305389222;
piC3=0.167664671;
piA3=0.245508982;
piG3=0.281437126;
piT4=0.305389222;
piC4=0.191616766;
piA4=0.239520958;
piG4=0.263473054;
