rACp=0.3712;
rAGp=3.3492;
rATp=0.3712;
rCGp=1;
rTCp=3.3492;
rTGp=1;
piAp=0.25;
piCp=0.25;
piGp=0.25;
piTp=0.25;
piT1=0.245098039;
piC1=0.199346405;
piA1=0.316993464;
piG1=0.238562092;
piT2=0.248366013;
piC2=0.199346405;
piA2=0.310457516;
piG2=0.241830065;
piT3=0.253378378;
piC3=0.206081081;
piA3=0.304054054;
piG3=0.236486486;
piT4=0.251633987;
piC4=0.202614379;
piA4=0.297385621;
piG4=0.248366013;
