rACp=1;
rAGp=3.4195;
rATp=1;
rCGp=1;
rTCp=2.3018;
rTGp=1;
piAp=0.2024;
piCp=0.2591;
piGp=0.3007;
piTp=0.2377;
piT1=0.237288136;
piC1=0.266949153;
piA1=0.199152542;
piG1=0.296610169;
piT2=0.234042553;
piC2=0.255319149;
piA2=0.195744681;
piG2=0.314893617;
piT3=0.257894737;
piC3=0.268421053;
piA3=0.215789474;
piG3=0.257894737;
piT4=0.241525424;
piC4=0.241525424;
piA4=0.233050847;
piG4=0.283898305;
