rACp=0.9133;
rAGp=6.5423;
rATp=0.6721;
rCGp=1.9349;
rTCp=2.8559;
rTGp=1;
piAp=0.25;
piCp=0.25;
piGp=0.25;
piTp=0.25;
piT1=0.278947368;
piC1=0.242105263;
piA1=0.264912281;
piG1=0.214035088;
piT2=0.282456140;
piC2=0.240350877;
piA2=0.273684211;
piG2=0.203508772;
piT3=0.265086207;
piC3=0.245689655;
piA3=0.275862069;
piG3=0.213362069;
piT4=0.280918728;
piC4=0.234982332;
piA4=0.279151943;
piG4=0.204946996;
