rACp=0.3882;
rAGp=2.0423;
rATp=0.3882;
rCGp=1;
rTCp=2.0423;
rTGp=1;
piAp=0.25;
piCp=0.25;
piGp=0.25;
piTp=0.25;
piT1=0.319148936;
piC1=0.244680851;
piA1=0.276595745;
piG1=0.159574468;
piT2=0.308510638;
piC2=0.250000000;
piA2=0.271276596;
piG2=0.170212766;
piT3=0.312500000;
piC3=0.267045455;
piA3=0.284090909;
piG3=0.136363636;
piT4=0.313829787;
piC4=0.250000000;
piA4=0.281914894;
piG4=0.154255319;
