rACp=2.3791;
rAGp=4.9537;
rATp=1;
rCGp=2.3791;
rTCp=4.9537;
rTGp=1;
piAp=0.25;
piCp=0.25;
piGp=0.25;
piTp=0.25;
piT1=0.328611898;
piC1=0.206798867;
piA1=0.300283286;
piG1=0.164305949;
piT2=0.328611898;
piC2=0.203966006;
piA2=0.305949008;
piG2=0.161473088;
piT3=0.315000000;
piC3=0.230000000;
piA3=0.275000000;
piG3=0.180000000;
piT4=0.307453416;
piC4=0.223602484;
piA4=0.279503106;
piG4=0.189440994;
