rACp=1;
rAGp=1.7476;
rATp=1;
rCGp=1;
rTCp=2.808;
rTGp=1;
piAp=0.25;
piCp=0.25;
piGp=0.25;
piTp=0.25;
piT1=0.311475410;
piC1=0.172131148;
piA1=0.241803279;
piG1=0.274590164;
piT2=0.307377049;
piC2=0.168032787;
piA2=0.245901639;
piG2=0.278688525;
piT3=0.321243523;
piC3=0.170984456;
piA3=0.222797927;
piG3=0.284974093;
piT4=0.323770492;
piC4=0.180327869;
piA4=0.225409836;
piG4=0.270491803;
