rACp=0.4923;
rAGp=2.5292;
rATp=0.4923;
rCGp=1;
rTCp=2.5292;
rTGp=1;
piAp=0.25;
piCp=0.25;
piGp=0.25;
piTp=0.25;
piT1=0.240184758;
piC1=0.207852194;
piA1=0.325635104;
piG1=0.226327945;
piT2=0.235565820;
piC2=0.212471132;
piA2=0.323325635;
piG2=0.228637413;
piT3=0.220183486;
piC3=0.238532110;
piA3=0.330275229;
piG3=0.211009174;
piT4=0.206521739;
piC4=0.242753623;
piA4=0.326086957;
piG4=0.224637681;
