rACp=1;
rAGp=2.7674;
rATp=1;
rCGp=1;
rTCp=2.7674;
rTGp=1;
piAp=0.25;
piCp=0.25;
piGp=0.25;
piTp=0.25;
piT1=0.254480287;
piC1=0.229390681;
piA1=0.297491039;
piG1=0.218637993;
piT2=0.258064516;
piC2=0.229390681;
piA2=0.293906810;
piG2=0.218637993;
piT3=0.245192308;
piC3=0.245192308;
piA3=0.293269231;
piG3=0.216346154;
piT4=0.258064516;
piC4=0.215053763;
piA4=0.286738351;
piG4=0.240143369;
