rACp=1;
rAGp=5.2695;
rATp=1.8224;
rCGp=1.8224;
rTCp=5.2695;
rTGp=1;
piAp=0.25;
piCp=0.25;
piGp=0.25;
piTp=0.25;
piT1=0.231012658;
piC1=0.234177215;
piA1=0.268987342;
piG1=0.265822785;
piT2=0.228125000;
piC2=0.240625000;
piA2=0.265625000;
piG2=0.265625000;
piT3=0.225961538;
piC3=0.269230769;
piA3=0.259615385;
piG3=0.245192308;
piT4=0.237179487;
piC4=0.233974359;
piA4=0.272435897;
piG4=0.256410256;
