rACp=1;
rAGp=3.5865;
rATp=1;
rCGp=1;
rTCp=3.5865;
rTGp=1;
piAp=0.25;
piCp=0.25;
piGp=0.25;
piTp=0.25;
piT1=0.255905512;
piC1=0.228346457;
piA1=0.299212598;
piG1=0.216535433;
piT2=0.255905512;
piC2=0.224409449;
piA2=0.307086614;
piG2=0.212598425;
piT3=0.259842520;
piC3=0.220472441;
piA3=0.299212598;
piG3=0.220472441;
piT4=0.271653543;
piC4=0.216535433;
piA4=0.283464567;
piG4=0.228346457;
