rACp=1;
rAGp=3.9507;
rATp=1;
rCGp=1;
rTCp=3.9507;
rTGp=1;
piAp=0.25;
piCp=0.25;
piGp=0.25;
piTp=0.25;
piT1=0.299065421;
piC1=0.252336449;
piA1=0.242990654;
piG1=0.205607477;
piT2=0.294392523;
piC2=0.257009346;
piA2=0.247663551;
piG2=0.200934579;
piT3=0.294392523;
piC3=0.247663551;
piA3=0.252336449;
piG3=0.205607477;
piT4=0.286384977;
piC4=0.258215962;
piA4=0.248826291;
piG4=0.206572770;
