rACp=1.3415;
rAGp=4.9107;
rATp=1.3041;
rCGp=4.1857;
rTCp=4.9107;
rTGp=1;
piAp=0.25;
piCp=0.25;
piGp=0.25;
piTp=0.25;
piT1=0.281481481;
piC1=0.200000000;
piA1=0.348148148;
piG1=0.170370370;
piT2=0.274074074;
piC2=0.203703704;
piA2=0.348148148;
piG2=0.174074074;
piT3=0.282051282;
piC3=0.213675214;
piA3=0.337606838;
piG3=0.166666667;
piT4=0.250950570;
piC4=0.220532319;
piA4=0.349809886;
piG4=0.178707224;
