rACp=0.9471;
rAGp=2.2709;
rATp=1.7376;
rCGp=0.8393;
rTCp=2.2709;
rTGp=1;
piAp=0.2805;
piCp=0.2631;
piGp=0.1795;
piTp=0.2769;
piT1=0.267295597;
piC1=0.270440252;
piA1=0.283018868;
piG1=0.179245283;
piT2=0.273584906;
piC2=0.267295597;
piA2=0.286163522;
piG2=0.172955975;
piT3=0.302521008;
piC3=0.235294118;
piA3=0.256302521;
piG3=0.205882353;
piT4=0.266666667;
piC4=0.240000000;
piA4=0.313333333;
piG4=0.180000000;
