rACp=1.7445;
rAGp=5.103;
rATp=1;
rCGp=1.7445;
rTCp=5.103;
rTGp=1;
piAp=0.25;
piCp=0.25;
piGp=0.25;
piTp=0.25;
piT1=0.189710611;
piC1=0.212218650;
piA1=0.289389068;
piG1=0.308681672;
piT2=0.189710611;
piC2=0.212218650;
piA2=0.289389068;
piG2=0.308681672;
piT3=0.179856115;
piC3=0.208633094;
piA3=0.294964029;
piG3=0.316546763;
piT4=0.186495177;
piC4=0.225080386;
piA4=0.292604502;
piG4=0.295819936;
