rACp=0.4955;
rAGp=2.1717;
rATp=0.4955;
rCGp=1;
rTCp=2.1717;
rTGp=1;
piAp=0.25;
piCp=0.25;
piGp=0.25;
piTp=0.25;
piT1=0.294354839;
piC1=0.237903226;
piA1=0.217741935;
piG1=0.250000000;
piT2=0.298387097;
piC2=0.237903226;
piA2=0.209677419;
piG2=0.254032258;
piT3=0.294354839;
piC3=0.233870968;
piA3=0.225806452;
piG3=0.245967742;
piT4=0.303278689;
piC4=0.229508197;
piA4=0.209016393;
piG4=0.258196721;
