rACp=1;
rAGp=3.6939;
rATp=1;
rCGp=1;
rTCp=3.6939;
rTGp=1;
piAp=0.25;
piCp=0.25;
piGp=0.25;
piTp=0.25;
piT1=0.228346457;
piC1=0.271653543;
piA1=0.263779528;
piG1=0.236220472;
piT2=0.232283465;
piC2=0.275590551;
piA2=0.259842520;
piG2=0.232283465;
piT3=0.228346457;
piC3=0.275590551;
piA3=0.244094488;
piG3=0.251968504;
piT4=0.232283465;
piC4=0.279527559;
piA4=0.251968504;
piG4=0.236220472;
