rACp=1;
rAGp=2.5508;
rATp=1;
rCGp=1;
rTCp=2.5508;
rTGp=1;
piAp=0.25;
piCp=0.25;
piGp=0.25;
piTp=0.25;
piT1=0.309523810;
piC1=0.196428571;
piA1=0.285714286;
piG1=0.208333333;
piT2=0.315476190;
piC2=0.190476190;
piA2=0.285714286;
piG2=0.208333333;
piT3=0.285714286;
piC3=0.226190476;
piA3=0.267857143;
piG3=0.220238095;
piT4=0.285714286;
piC4=0.220238095;
piA4=0.261904762;
piG4=0.232142857;
