rACp=1;
rAGp=4.3508;
rATp=1;
rCGp=1;
rTCp=4.3508;
rTGp=1;
piAp=0.25;
piCp=0.25;
piGp=0.25;
piTp=0.25;
piT1=0.308176101;
piC1=0.207547170;
piA1=0.267295597;
piG1=0.216981132;
piT2=0.292452830;
piC2=0.216981132;
piA2=0.270440252;
piG2=0.220125786;
piT3=0.272277228;
piC3=0.232673267;
piA3=0.222772277;
piG3=0.272277228;
piT4=0.302839117;
piC4=0.205047319;
piA4=0.271293375;
piG4=0.220820189;
