rACp=1;
rAGp=5.1717;
rATp=1;
rCGp=1;
rTCp=5.1717;
rTGp=1;
piAp=0.3800;
piCp=0.1709;
piGp=0.1813;
piTp=0.2678;
piT1=0.267094017;
piC1=0.168803419;
piA1=0.382478632;
piG1=0.181623932;
piT2=0.264957265;
piC2=0.168803419;
piA2=0.384615385;
piG2=0.181623932;
piT3=0.283185841;
piC3=0.179941003;
piA3=0.362831858;
piG3=0.174041298;
piT4=0.265524625;
piC4=0.167023555;
piA4=0.376873662;
piG4=0.190578158;
