rACp=1;
rAGp=3.2214;
rATp=1;
rCGp=1;
rTCp=3.2214;
rTGp=1;
piAp=0.25;
piCp=0.25;
piGp=0.25;
piTp=0.25;
piT1=0.249056604;
piC1=0.275471698;
piA1=0.252830189;
piG1=0.222641509;
piT2=0.245283019;
piC2=0.279245283;
piA2=0.256603774;
piG2=0.218867925;
piT3=0.249056604;
piC3=0.271698113;
piA3=0.271698113;
piG3=0.207547170;
piT4=0.240458015;
piC4=0.278625954;
piA4=0.270992366;
piG4=0.209923664;
