rACp=1;
rAGp=1.4531;
rATp=1;
rCGp=1;
rTCp=2.4004;
rTGp=1;
piAp=0.25;
piCp=0.25;
piGp=0.25;
piTp=0.25;
piT1=0.325203252;
piC1=0.154471545;
piA1=0.349593496;
piG1=0.170731707;
piT2=0.337398374;
piC2=0.146341463;
piA2=0.345528455;
piG2=0.170731707;
piT3=0.328888889;
piC3=0.168888889;
piA3=0.328888889;
piG3=0.173333333;
piT4=0.321138211;
piC4=0.166666667;
piA4=0.349593496;
piG4=0.162601626;
