rACp=1.3798;
rAGp=3.9649;
rATp=1.3798;
rCGp=1;
rTCp=3.9649;
rTGp=1;
piAp=0.1731;
piCp=0.3296;
piGp=0.2303;
piTp=0.2670;
piT1=0.277634961;
piC1=0.318766067;
piA1=0.182519280;
piG1=0.221079692;
piT2=0.275064267;
piC2=0.321336761;
piA2=0.185089974;
piG2=0.218508997;
piT3=0.246575342;
piC3=0.297945205;
piA3=0.215753425;
piG3=0.239726027;
piT4=0.269938650;
piC4=0.288343558;
piA4=0.199386503;
piG4=0.242331288;
