rACp=2.5576;
rAGp=6.7645;
rATp=1;
rCGp=2.5576;
rTCp=3.8401;
rTGp=1;
piAp=0.25;
piCp=0.25;
piGp=0.25;
piTp=0.25;
piT1=0.246913580;
piC1=0.185185185;
piA1=0.351851852;
piG1=0.216049383;
piT2=0.250000000;
piC2=0.188271605;
piA2=0.345679012;
piG2=0.216049383;
piT3=0.237354086;
piC3=0.210116732;
piA3=0.315175097;
piG3=0.237354086;
piT4=0.210702341;
piC4=0.210702341;
piA4=0.327759197;
piG4=0.250836120;
