rACp=0.5703;
rAGp=3.9585;
rATp=1;
rCGp=0.5703;
rTCp=1.1266;
rTGp=1;
piAp=0.25;
piCp=0.25;
piGp=0.25;
piTp=0.25;
piT1=0.250000000;
piC1=0.210000000;
piA1=0.310000000;
piG1=0.230000000;
piT2=0.250000000;
piC2=0.210000000;
piA2=0.290000000;
piG2=0.250000000;
piT3=0.250000000;
piC3=0.220000000;
piA3=0.270000000;
piG3=0.260000000;
piT4=0.260000000;
piC4=0.200000000;
piA4=0.280000000;
piG4=0.260000000;
