rACp=1;
rAGp=2.7255;
rATp=1;
rCGp=1;
rTCp=2.7255;
rTGp=1;
piAp=0.25;
piCp=0.25;
piGp=0.25;
piTp=0.25;
piT1=0.290780142;
piC1=0.177304965;
piA1=0.319148936;
piG1=0.212765957;
piT2=0.278959811;
piC2=0.189125296;
piA2=0.319148936;
piG2=0.212765957;
piT3=0.300751880;
piC3=0.221804511;
piA3=0.278195489;
piG3=0.199248120;
piT4=0.288416076;
piC4=0.179669031;
piA4=0.309692671;
piG4=0.222222222;
