rACp=1.7437;
rAGp=5.3254;
rATp=1;
rCGp=1.7437;
rTCp=5.3254;
rTGp=1;
piAp=0.25;
piCp=0.25;
piGp=0.25;
piTp=0.25;
piT1=0.291358025;
piC1=0.227160494;
piA1=0.274074074;
piG1=0.207407407;
piT2=0.293233083;
piC2=0.223057644;
piA2=0.275689223;
piG2=0.208020050;
piT3=0.291793313;
piC3=0.224924012;
piA3=0.288753799;
piG3=0.194528875;
piT4=0.285012285;
piC4=0.226044226;
piA4=0.270270270;
piG4=0.218673219;
