rACp=1;
rAGp=2.471;
rATp=1;
rCGp=1;
rTCp=2.471;
rTGp=1;
piAp=0.25;
piCp=0.25;
piGp=0.25;
piTp=0.25;
piT1=0.259036145;
piC1=0.219879518;
piA1=0.289156627;
piG1=0.231927711;
piT2=0.265060241;
piC2=0.219879518;
piA2=0.292168675;
piG2=0.222891566;
piT3=0.247826087;
piC3=0.221739130;
piA3=0.273913043;
piG3=0.256521739;
piT4=0.256797583;
piC4=0.205438066;
piA4=0.311178248;
piG4=0.226586103;
