rACp=2.393;
rAGp=9.2257;
rATp=1;
rCGp=2.393;
rTCp=9.2257;
rTGp=1;
piAp=0.25;
piCp=0.25;
piGp=0.25;
piTp=0.25;
piT1=0.252380952;
piC1=0.280952381;
piA1=0.242857143;
piG1=0.223809524;
piT2=0.247619048;
piC2=0.285714286;
piA2=0.247619048;
piG2=0.219047619;
piT3=0.247619048;
piC3=0.280952381;
piA3=0.252380952;
piG3=0.219047619;
piT4=0.247619048;
piC4=0.280952381;
piA4=0.233333333;
piG4=0.238095238;
