rACp=1;
rAGp=3.1821;
rATp=1;
rCGp=1;
rTCp=3.1821;
rTGp=1;
piAp=0.25;
piCp=0.25;
piGp=0.25;
piTp=0.25;
piT1=0.329646018;
piC1=0.192477876;
piA1=0.285398230;
piG1=0.192477876;
piT2=0.329646018;
piC2=0.192477876;
piA2=0.285398230;
piG2=0.192477876;
piT3=0.318548387;
piC3=0.189516129;
piA3=0.282258065;
piG3=0.209677419;
piT4=0.318584071;
piC4=0.199115044;
piA4=0.276548673;
piG4=0.205752212;
