rACp=0.5347;
rAGp=2.1888;
rATp=0.5347;
rCGp=1;
rTCp=2.1888;
rTGp=1;
piAp=0.25;
piCp=0.25;
piGp=0.25;
piTp=0.25;
piT1=0.347826087;
piC1=0.221739130;
piA1=0.265217391;
piG1=0.165217391;
piT2=0.336206897;
piC2=0.219827586;
piA2=0.275862069;
piG2=0.168103448;
piT3=0.331896552;
piC3=0.215517241;
piA3=0.284482759;
piG3=0.168103448;
piT4=0.331896552;
piC4=0.215517241;
piA4=0.280172414;
piG4=0.172413793;
