rACp=1;
rAGp=4.3565;
rATp=1;
rCGp=1;
rTCp=4.3565;
rTGp=1;
piAp=0.1861;
piCp=0.2170;
piGp=0.1933;
piTp=0.4036;
piT1=0.406091371;
piC1=0.218274112;
piA1=0.182741117;
piG1=0.192893401;
piT2=0.406091371;
piC2=0.218274112;
piA2=0.182741117;
piG2=0.192893401;
piT3=0.401015228;
piC3=0.228426396;
piA3=0.182741117;
piG3=0.187817259;
piT4=0.401015228;
piC4=0.213197970;
piA4=0.182741117;
piG4=0.203045685;
