rACp=1;
rAGp=2.8137;
rATp=1;
rCGp=1;
rTCp=2.8137;
rTGp=1;
piAp=0.2467;
piCp=0.2280;
piGp=0.2126;
piTp=0.3128;
piT1=0.309210526;
piC1=0.230263158;
piA1=0.250000000;
piG1=0.210526316;
piT2=0.315789474;
piC2=0.223684211;
piA2=0.250000000;
piG2=0.210526316;
piT3=0.338181818;
piC3=0.221818182;
piA3=0.236363636;
piG3=0.203636364;
piT4=0.318791946;
piC4=0.231543624;
piA4=0.231543624;
piG4=0.218120805;
