rACp=1.2637;
rAGp=3.1009;
rATp=0.6313;
rCGp=2.6204;
rTCp=4.8635;
rTGp=1;
piAp=0.25;
piCp=0.25;
piGp=0.25;
piTp=0.25;
piT1=0.260215054;
piC1=0.230107527;
piA1=0.305376344;
piG1=0.204301075;
piT2=0.260215054;
piC2=0.230107527;
piA2=0.305376344;
piG2=0.204301075;
piT3=0.257894737;
piC3=0.210526316;
piA3=0.315789474;
piG3=0.215789474;
piT4=0.240000000;
piC4=0.260000000;
piA4=0.277777778;
piG4=0.222222222;
