rACp=0.5978;
rAGp=2.368;
rATp=0.5978;
rCGp=1;
rTCp=2.368;
rTGp=1;
piAp=0.25;
piCp=0.25;
piGp=0.25;
piTp=0.25;
piT1=0.321585903;
piC1=0.154185022;
piA1=0.264317181;
piG1=0.259911894;
piT2=0.303964758;
piC2=0.158590308;
piA2=0.286343612;
piG2=0.251101322;
piT3=0.300518135;
piC3=0.134715026;
piA3=0.284974093;
piG3=0.279792746;
piT4=0.277533040;
piC4=0.176211454;
piA4=0.286343612;
piG4=0.259911894;
