rACp=1;
rAGp=3.3099;
rATp=1;
rCGp=1;
rTCp=3.3099;
rTGp=1;
piAp=0.25;
piCp=0.25;
piGp=0.25;
piTp=0.25;
piT1=0.319088319;
piC1=0.264957265;
piA1=0.219373219;
piG1=0.196581197;
piT2=0.323863636;
piC2=0.261363636;
piA2=0.213068182;
piG2=0.201704545;
piT3=0.320158103;
piC3=0.268774704;
piA3=0.249011858;
piG3=0.162055336;
piT4=0.342939481;
piC4=0.259365994;
piA4=0.227665706;
piG4=0.170028818;
