rACp=2.4628;
rAGp=2.9315;
rATp=0.5609;
rCGp=1.1633;
rTCp=4.5167;
rTGp=1;
piAp=0.2711;
piCp=0.1279;
piGp=0.1864;
piTp=0.4146;
piT1=0.418604651;
piC1=0.120930233;
piA1=0.260465116;
piG1=0.200000000;
piT2=0.442211055;
piC2=0.100502513;
piA2=0.261306533;
piG2=0.195979899;
piT3=0.457831325;
piC3=0.090361446;
piA3=0.277108434;
piG3=0.174698795;
piT4=0.415887850;
piC4=0.130841121;
piA4=0.266355140;
piG4=0.186915888;
