rACp=1;
rAGp=3.728;
rATp=1.5098;
rCGp=1.5098;
rTCp=3.728;
rTGp=1;
piAp=0.25;
piCp=0.25;
piGp=0.25;
piTp=0.25;
piT1=0.300829876;
piC1=0.182572614;
piA1=0.253112033;
piG1=0.263485477;
piT2=0.304347826;
piC2=0.178053830;
piA2=0.252587992;
piG2=0.265010352;
piT3=0.272471910;
piC3=0.196629213;
piA3=0.238764045;
piG3=0.292134831;
piT4=0.296137339;
piC4=0.190987124;
piA4=0.248927039;
piG4=0.263948498;
