rACp=1;
rAGp=7.8789;
rATp=1.6913;
rCGp=1.6913;
rTCp=4.1835;
rTGp=1;
piAp=0.1958;
piCp=0.3821;
piGp=0.2129;
piTp=0.2092;
piT1=0.216606498;
piC1=0.371841155;
piA1=0.198555957;
piG1=0.212996390;
piT2=0.216606498;
piC2=0.375451264;
piA2=0.194945848;
piG2=0.212996390;
piT3=0.207407407;
piC3=0.362962963;
piA3=0.188888889;
piG3=0.240740741;
piT4=0.209125475;
piC4=0.368821293;
piA4=0.186311787;
piG4=0.235741445;
