rACp=1;
rAGp=3.1888;
rATp=1;
rCGp=1;
rTCp=3.1888;
rTGp=1;
piAp=0.25;
piCp=0.25;
piGp=0.25;
piTp=0.25;
piT1=0.272108844;
piC1=0.197278912;
piA1=0.285714286;
piG1=0.244897959;
piT2=0.265306122;
piC2=0.201814059;
piA2=0.287981859;
piG2=0.244897959;
piT3=0.261398176;
piC3=0.218844985;
piA3=0.282674772;
piG3=0.237082067;
piT4=0.260465116;
piC4=0.183720930;
piA4=0.302325581;
piG4=0.253488372;
