rACp=0.5359;
rAGp=2.7669;
rATp=1;
rCGp=0.5359;
rTCp=1.3047;
rTGp=1;
piAp=0.25;
piCp=0.25;
piGp=0.25;
piTp=0.25;
piT1=0.257028112;
piC1=0.240963855;
piA1=0.309236948;
piG1=0.192771084;
piT2=0.257028112;
piC2=0.240963855;
piA2=0.309236948;
piG2=0.192771084;
piT3=0.253393665;
piC3=0.262443439;
piA3=0.303167421;
piG3=0.180995475;
piT4=0.243801653;
piC4=0.247933884;
piA4=0.322314050;
piG4=0.185950413;
