rACp=0.5321;
rAGp=1.8055;
rATp=1;
rCGp=0.5321;
rTCp=1.8055;
rTGp=1;
piAp=0.25;
piCp=0.25;
piGp=0.25;
piTp=0.25;
piT1=0.280000000;
piC1=0.213333333;
piA1=0.266666667;
piG1=0.240000000;
piT2=0.286666667;
piC2=0.200000000;
piA2=0.293333333;
piG2=0.220000000;
piT3=0.262068966;
piC3=0.213793103;
piA3=0.282758621;
piG3=0.241379310;
piT4=0.306666667;
piC4=0.186666667;
piA4=0.266666667;
piG4=0.240000000;
