rACp=1;
rAGp=3.4804;
rATp=1;
rCGp=1;
rTCp=3.4804;
rTGp=1;
piAp=0.25;
piCp=0.25;
piGp=0.25;
piTp=0.25;
piT1=0.258823529;
piC1=0.270588235;
piA1=0.223529412;
piG1=0.247058824;
piT2=0.264705882;
piC2=0.258823529;
piA2=0.229411765;
piG2=0.247058824;
piT3=0.270588235;
piC3=0.264705882;
piA3=0.235294118;
piG3=0.229411765;
piT4=0.258823529;
piC4=0.264705882;
piA4=0.217647059;
piG4=0.258823529;
