rACp=1;
rAGp=5.5357;
rATp=1.7371;
rCGp=1.7371;
rTCp=5.5357;
rTGp=1;
piAp=0.25;
piCp=0.25;
piGp=0.25;
piTp=0.25;
piT1=0.281984334;
piC1=0.201044386;
piA1=0.349869452;
piG1=0.167101828;
piT2=0.287206266;
piC2=0.201044386;
piA2=0.349869452;
piG2=0.161879896;
piT3=0.273504274;
piC3=0.202279202;
piA3=0.350427350;
piG3=0.173789174;
piT4=0.274151436;
piC4=0.198433420;
piA4=0.344647520;
piG4=0.182767624;
