rACp=1;
rAGp=3.703;
rATp=1;
rCGp=1;
rTCp=3.703;
rTGp=1;
piAp=0.25;
piCp=0.25;
piGp=0.25;
piTp=0.25;
piT1=0.318791946;
piC1=0.248322148;
piA1=0.241610738;
piG1=0.191275168;
piT2=0.315436242;
piC2=0.244966443;
piA2=0.244966443;
piG2=0.194630872;
piT3=0.318385650;
piC3=0.273542601;
piA3=0.233183857;
piG3=0.174887892;
piT4=0.319865320;
piC4=0.245791246;
piA4=0.249158249;
piG4=0.185185185;
