rACp=0.5372;
rAGp=2.2836;
rATp=0.5372;
rCGp=1;
rTCp=2.2836;
rTGp=1;
piAp=0.25;
piCp=0.25;
piGp=0.25;
piTp=0.25;
piT1=0.310769231;
piC1=0.169230769;
piA1=0.310769231;
piG1=0.209230769;
piT2=0.310769231;
piC2=0.178461538;
piA2=0.304615385;
piG2=0.206153846;
piT3=0.258064516;
piC3=0.198156682;
piA3=0.341013825;
piG3=0.202764977;
piT4=0.294478528;
piC4=0.199386503;
piA4=0.303680982;
piG4=0.202453988;
