rACp=0.61;
rAGp=2.9221;
rATp=0.61;
rCGp=1;
rTCp=2.9221;
rTGp=1;
piAp=0.25;
piCp=0.25;
piGp=0.25;
piTp=0.25;
piT1=0.284584980;
piC1=0.213438735;
piA1=0.300395257;
piG1=0.201581028;
piT2=0.289682540;
piC2=0.210317460;
piA2=0.301587302;
piG2=0.198412698;
piT3=0.265625000;
piC3=0.223958333;
piA3=0.307291667;
piG3=0.203125000;
piT4=0.292181070;
piC4=0.230452675;
piA4=0.267489712;
piG4=0.209876543;
