rACp=0.5245;
rAGp=2.2319;
rATp=0.5245;
rCGp=1;
rTCp=2.2319;
rTGp=1;
piAp=0.25;
piCp=0.25;
piGp=0.25;
piTp=0.25;
piT1=0.243243243;
piC1=0.175675676;
piA1=0.283783784;
piG1=0.297297297;
piT2=0.243243243;
piC2=0.180180180;
piA2=0.279279279;
piG2=0.297297297;
piT3=0.252252252;
piC3=0.184684685;
piA3=0.283783784;
piG3=0.279279279;
piT4=0.247747748;
piC4=0.193693694;
piA4=0.274774775;
piG4=0.283783784;
