rACp=0.553;
rAGp=2.0816;
rATp=0.553;
rCGp=1;
rTCp=2.0816;
rTGp=1;
piAp=0.25;
piCp=0.25;
piGp=0.25;
piTp=0.25;
piT1=0.291358025;
piC1=0.165432099;
piA1=0.335802469;
piG1=0.207407407;
piT2=0.291358025;
piC2=0.165432099;
piA2=0.338271605;
piG2=0.204938272;
piT3=0.275423729;
piC3=0.186440678;
piA3=0.309322034;
piG3=0.228813559;
piT4=0.287500000;
piC4=0.170000000;
piA4=0.332500000;
piG4=0.210000000;
