rACp=1;
rAGp=3.3397;
rATp=1;
rCGp=1;
rTCp=3.3397;
rTGp=1;
piAp=0.25;
piCp=0.25;
piGp=0.25;
piTp=0.25;
piT1=0.324324324;
piC1=0.162162162;
piA1=0.232432432;
piG1=0.281081081;
piT2=0.333333333;
piC2=0.154761905;
piA2=0.238095238;
piG2=0.273809524;
piT3=0.346368715;
piC3=0.150837989;
piA3=0.217877095;
piG3=0.284916201;
piT4=0.335135135;
piC4=0.162162162;
piA4=0.210810811;
piG4=0.291891892;
