rACp=1;
rAGp=2.5653;
rATp=1;
rCGp=1;
rTCp=3.4636;
rTGp=1;
piAp=0.25;
piCp=0.25;
piGp=0.25;
piTp=0.25;
piT1=0.340517241;
piC1=0.202586207;
piA1=0.202586207;
piG1=0.254310345;
piT2=0.344827586;
piC2=0.193965517;
piA2=0.193965517;
piG2=0.267241379;
piT3=0.371621622;
piC3=0.195945946;
piA3=0.202702703;
piG3=0.229729730;
piT4=0.361607143;
piC4=0.156250000;
piA4=0.245535714;
piG4=0.236607143;
