rACp=1;
rAGp=5.6652;
rATp=1.7472;
rCGp=1.7472;
rTCp=5.6652;
rTGp=1;
piAp=0.25;
piCp=0.25;
piGp=0.25;
piTp=0.25;
piT1=0.303571429;
piC1=0.232142857;
piA1=0.271428571;
piG1=0.192857143;
piT2=0.307142857;
piC2=0.228571429;
piA2=0.267857143;
piG2=0.196428571;
piT3=0.325102881;
piC3=0.209876543;
piA3=0.283950617;
piG3=0.181069959;
piT4=0.307142857;
piC4=0.214285714;
piA4=0.260714286;
piG4=0.217857143;
