rACp=1.1427;
rAGp=4.4873;
rATp=1.1072;
rCGp=1.9966;
rTCp=4.4873;
rTGp=1;
piAp=0.25;
piCp=0.25;
piGp=0.25;
piTp=0.25;
piT1=0.254509018;
piC1=0.212424850;
piA1=0.294589178;
piG1=0.238476954;
piT2=0.260521042;
piC2=0.210420842;
piA2=0.294589178;
piG2=0.234468938;
piT3=0.235294118;
piC3=0.217194570;
piA3=0.294117647;
piG3=0.253393665;
piT4=0.243951613;
piC4=0.213709677;
piA4=0.292338710;
piG4=0.250000000;
