rACp=0.3966;
rAGp=2.3225;
rATp=0.3966;
rCGp=1;
rTCp=3.6956;
rTGp=1;
piAp=0.25;
piCp=0.25;
piGp=0.25;
piTp=0.25;
piT1=0.326530612;
piC1=0.188775510;
piA1=0.290816327;
piG1=0.193877551;
piT2=0.321428571;
piC2=0.191326531;
piA2=0.290816327;
piG2=0.196428571;
piT3=0.311728395;
piC3=0.169753086;
piA3=0.311728395;
piG3=0.206790123;
piT4=0.318877551;
piC4=0.191326531;
piA4=0.290816327;
piG4=0.198979592;
