rACp=2.1333;
rAGp=6.2142;
rATp=1;
rCGp=2.1333;
rTCp=6.2142;
rTGp=1;
piAp=0.25;
piCp=0.25;
piGp=0.25;
piTp=0.25;
piT1=0.247572816;
piC1=0.252427184;
piA1=0.276699029;
piG1=0.223300971;
piT2=0.257281553;
piC2=0.242718447;
piA2=0.271844660;
piG2=0.228155340;
piT3=0.262135922;
piC3=0.237864078;
piA3=0.281553398;
piG3=0.218446602;
piT4=0.286407767;
piC4=0.213592233;
piA4=0.271844660;
piG4=0.228155340;
