rACp=0.5607;
rAGp=1.8678;
rATp=1;
rCGp=0.5607;
rTCp=1.8678;
rTGp=1;
piAp=0.25;
piCp=0.25;
piGp=0.25;
piTp=0.25;
piT1=0.221902017;
piC1=0.270893372;
piA1=0.233429395;
piG1=0.273775216;
piT2=0.221902017;
piC2=0.265129683;
piA2=0.239193084;
piG2=0.273775216;
piT3=0.234615385;
piC3=0.280769231;
piA3=0.203846154;
piG3=0.280769231;
piT4=0.226299694;
piC4=0.275229358;
piA4=0.229357798;
piG4=0.269113150;
