rACp=1;
rAGp=2.6878;
rATp=1;
rCGp=1;
rTCp=2.6878;
rTGp=1;
piAp=0.25;
piCp=0.25;
piGp=0.25;
piTp=0.25;
piT1=0.288372093;
piC1=0.237209302;
piA1=0.204651163;
piG1=0.269767442;
piT2=0.288372093;
piC2=0.237209302;
piA2=0.204651163;
piG2=0.269767442;
piT3=0.307317073;
piC3=0.229268293;
piA3=0.195121951;
piG3=0.268292683;
piT4=0.320197044;
piC4=0.226600985;
piA4=0.172413793;
piG4=0.280788177;
