rACp=1.7761;
rAGp=4.2833;
rATp=1;
rCGp=1.7761;
rTCp=4.2833;
rTGp=1;
piAp=0.25;
piCp=0.25;
piGp=0.25;
piTp=0.25;
piT1=0.267647059;
piC1=0.202941176;
piA1=0.329411765;
piG1=0.200000000;
piT2=0.270588235;
piC2=0.208823529;
piA2=0.317647059;
piG2=0.202941176;
piT3=0.248962656;
piC3=0.215767635;
piA3=0.315352697;
piG3=0.219917012;
piT4=0.259615385;
piC4=0.208333333;
piA4=0.304487179;
piG4=0.227564103;
