rACp=1.1177;
rAGp=5.0126;
rATp=0.6925;
rCGp=3.1684;
rTCp=5.0126;
rTGp=1;
piAp=0.25;
piCp=0.25;
piGp=0.25;
piTp=0.25;
piT1=0.209756098;
piC1=0.234146341;
piA1=0.297560976;
piG1=0.258536585;
piT2=0.243902439;
piC2=0.204878049;
piA2=0.317073171;
piG2=0.234146341;
piT3=0.238636364;
piC3=0.261363636;
piA3=0.272727273;
piG3=0.227272727;
piT4=0.227979275;
piC4=0.274611399;
piA4=0.248704663;
piG4=0.248704663;
