rACp=1;
rAGp=3.205;
rATp=1;
rCGp=1;
rTCp=3.205;
rTGp=1;
piAp=0.25;
piCp=0.25;
piGp=0.25;
piTp=0.25;
piT1=0.301418440;
piC1=0.145390071;
piA1=0.297872340;
piG1=0.255319149;
piT2=0.297872340;
piC2=0.152482270;
piA2=0.304964539;
piG2=0.244680851;
piT3=0.285714286;
piC3=0.157142857;
piA3=0.321428571;
piG3=0.235714286;
piT4=0.282142857;
piC4=0.164285714;
piA4=0.310714286;
piG4=0.242857143;
