rACp=1;
rAGp=2.3361;
rATp=1;
rCGp=1;
rTCp=2.3361;
rTGp=1;
piAp=0.25;
piCp=0.25;
piGp=0.25;
piTp=0.25;
piT1=0.235955056;
piC1=0.252808989;
piA1=0.286516854;
piG1=0.224719101;
piT2=0.264044944;
piC2=0.252808989;
piA2=0.269662921;
piG2=0.213483146;
piT3=0.308641975;
piC3=0.234567901;
piA3=0.259259259;
piG3=0.197530864;
piT4=0.260606061;
piC4=0.248484848;
piA4=0.272727273;
piG4=0.218181818;
