rACp=0.8677;
rAGp=3.5082;
rATp=0.5325;
rCGp=1.7368;
rTCp=3.5082;
rTGp=1;
piAp=0.25;
piCp=0.25;
piGp=0.25;
piTp=0.25;
piT1=0.225080386;
piC1=0.273311897;
piA1=0.276527331;
piG1=0.225080386;
piT2=0.225080386;
piC2=0.276527331;
piA2=0.276527331;
piG2=0.221864952;
piT3=0.210526316;
piC3=0.289473684;
piA3=0.267543860;
piG3=0.232456140;
piT4=0.209003215;
piC4=0.289389068;
piA4=0.263665595;
piG4=0.237942122;
