rACp=1;
rAGp=3.2947;
rATp=1;
rCGp=1;
rTCp=3.2947;
rTGp=1;
piAp=0.25;
piCp=0.25;
piGp=0.25;
piTp=0.25;
piT1=0.281159420;
piC1=0.234782609;
piA1=0.318840580;
piG1=0.165217391;
piT2=0.292753623;
piC2=0.226086957;
piA2=0.313043478;
piG2=0.168115942;
piT3=0.286206897;
piC3=0.237931034;
piA3=0.303448276;
piG3=0.172413793;
piT4=0.379310345;
piC4=0.201970443;
piA4=0.266009852;
piG4=0.152709360;
