rACp=1.4111;
rAGp=6.3747;
rATp=1.0676;
rCGp=3.534;
rTCp=6.3747;
rTGp=1;
piAp=0.25;
piCp=0.25;
piGp=0.25;
piTp=0.25;
piT1=0.271535581;
piC1=0.192883895;
piA1=0.316479401;
piG1=0.219101124;
piT2=0.269662921;
piC2=0.194756554;
piA2=0.316479401;
piG2=0.219101124;
piT3=0.305970149;
piC3=0.167910448;
piA3=0.294776119;
piG3=0.231343284;
piT4=0.265917603;
piC4=0.196629213;
piA4=0.316479401;
piG4=0.220973783;
