rACp=2.6719;
rAGp=7.7187;
rATp=1;
rCGp=2.6719;
rTCp=7.7187;
rTGp=1;
piAp=0.25;
piCp=0.25;
piGp=0.25;
piTp=0.25;
piT1=0.266666667;
piC1=0.226666667;
piA1=0.288888889;
piG1=0.217777778;
piT2=0.271111111;
piC2=0.222222222;
piA2=0.284444444;
piG2=0.222222222;
piT3=0.312500000;
piC3=0.208333333;
piA3=0.260416667;
piG3=0.218750000;
piT4=0.242574257;
piC4=0.232673267;
piA4=0.257425743;
piG4=0.267326733;
