rACp=1.0552;
rAGp=2.9708;
rATp=0.6784;
rCGp=1.8508;
rTCp=5.0494;
rTGp=1;
piAp=0.25;
piCp=0.25;
piGp=0.25;
piTp=0.25;
piT1=0.313725490;
piC1=0.220588235;
piA1=0.313725490;
piG1=0.151960784;
piT2=0.328431373;
piC2=0.200980392;
piA2=0.303921569;
piG2=0.166666667;
piT3=0.322751323;
piC3=0.216931217;
piA3=0.312169312;
piG3=0.148148148;
piT4=0.323529412;
piC4=0.225490196;
piA4=0.289215686;
piG4=0.161764706;
