rACp=1;
rAGp=6.0057;
rATp=2.2028;
rCGp=2.2028;
rTCp=3.2317;
rTGp=1;
piAp=0.25;
piCp=0.25;
piGp=0.25;
piTp=0.25;
piT1=0.291560102;
piC1=0.156010230;
piA1=0.355498721;
piG1=0.196930946;
piT2=0.291560102;
piC2=0.158567775;
piA2=0.355498721;
piG2=0.194373402;
piT3=0.274390244;
piC3=0.149390244;
piA3=0.362804878;
piG3=0.213414634;
piT4=0.271708683;
piC4=0.173669468;
piA4=0.347338936;
piG4=0.207282913;
