rACp=1;
rAGp=2.7248;
rATp=1;
rCGp=1;
rTCp=2.7248;
rTGp=1;
piAp=0.25;
piCp=0.25;
piGp=0.25;
piTp=0.25;
piT1=0.268199234;
piC1=0.272030651;
piA1=0.260536398;
piG1=0.199233716;
piT2=0.272030651;
piC2=0.272030651;
piA2=0.260536398;
piG2=0.195402299;
piT3=0.281632653;
piC3=0.269387755;
piA3=0.253061224;
piG3=0.195918367;
piT4=0.269230769;
piC4=0.269230769;
piA4=0.265384615;
piG4=0.196153846;
