rACp=1;
rAGp=4.003;
rATp=1;
rCGp=1;
rTCp=2.3383;
rTGp=1;
piAp=0.25;
piCp=0.25;
piGp=0.25;
piTp=0.25;
piT1=0.250825083;
piC1=0.194719472;
piA1=0.316831683;
piG1=0.237623762;
piT2=0.251121076;
piC2=0.204035874;
piA2=0.302690583;
piG2=0.242152466;
piT3=0.237885463;
piC3=0.193832599;
piA3=0.343612335;
piG3=0.224669604;
piT4=0.258426966;
piC4=0.197752809;
piA4=0.310112360;
piG4=0.233707865;
