rACp=1;
rAGp=4.6201;
rATp=1.5001;
rCGp=1.5001;
rTCp=4.6201;
rTGp=1;
piAp=0.25;
piCp=0.25;
piGp=0.25;
piTp=0.25;
piT1=0.293956044;
piC1=0.192307692;
piA1=0.318681319;
piG1=0.195054945;
piT2=0.299450549;
piC2=0.186813187;
piA2=0.321428571;
piG2=0.192307692;
piT3=0.300751880;
piC3=0.199248120;
piA3=0.296992481;
piG3=0.203007519;
piT4=0.286501377;
piC4=0.198347107;
piA4=0.322314050;
piG4=0.192837466;
