rACp=1;
rAGp=4.2179;
rATp=1.4485;
rCGp=1.4485;
rTCp=4.2179;
rTGp=1;
piAp=0.25;
piCp=0.25;
piGp=0.25;
piTp=0.25;
piT1=0.278867102;
piC1=0.233115468;
piA1=0.313725490;
piG1=0.174291939;
piT2=0.283298097;
piC2=0.226215645;
piA2=0.310782241;
piG2=0.179704017;
piT3=0.288194444;
piC3=0.222222222;
piA3=0.274305556;
piG3=0.215277778;
piT4=0.296213808;
piC4=0.220489978;
piA4=0.298440980;
piG4=0.184855234;
