rACp=0.6529;
rAGp=1.9824;
rATp=1;
rCGp=0.6529;
rTCp=1.9824;
rTGp=1;
piAp=0.25;
piCp=0.25;
piGp=0.25;
piTp=0.25;
piT1=0.336065574;
piC1=0.245901639;
piA1=0.225409836;
piG1=0.192622951;
piT2=0.348360656;
piC2=0.241803279;
piA2=0.217213115;
piG2=0.192622951;
piT3=0.343347639;
piC3=0.236051502;
piA3=0.227467811;
piG3=0.193133047;
piT4=0.356557377;
piC4=0.250000000;
piA4=0.204918033;
piG4=0.188524590;
