rACp=1;
rAGp=3.9825;
rATp=1;
rCGp=1;
rTCp=3.9825;
rTGp=1;
piAp=0.25;
piCp=0.25;
piGp=0.25;
piTp=0.25;
piT1=0.252830189;
piC1=0.233962264;
piA1=0.252830189;
piG1=0.260377358;
piT2=0.258964143;
piC2=0.243027888;
piA2=0.231075697;
piG2=0.266932271;
piT3=0.255605381;
piC3=0.237668161;
piA3=0.264573991;
piG3=0.242152466;
piT4=0.256603774;
piC4=0.233962264;
piA4=0.260377358;
piG4=0.249056604;
