rACp=0.7327;
rAGp=2.9612;
rATp=0.7327;
rCGp=1;
rTCp=2.9612;
rTGp=1;
piAp=0.25;
piCp=0.25;
piGp=0.25;
piTp=0.25;
piT1=0.272138229;
piC1=0.235421166;
piA1=0.295896328;
piG1=0.196544276;
piT2=0.274298056;
piC2=0.239740821;
piA2=0.295896328;
piG2=0.190064795;
piT3=0.260135135;
piC3=0.253378378;
piA3=0.273648649;
piG3=0.212837838;
piT4=0.274336283;
piC4=0.238938053;
piA4=0.289823009;
piG4=0.196902655;
