rACp=0.4629;
rAGp=3.3233;
rATp=0.4629;
rCGp=1;
rTCp=3.3233;
rTGp=1;
piAp=0.25;
piCp=0.25;
piGp=0.25;
piTp=0.25;
piT1=0.274247492;
piC1=0.227424749;
piA1=0.237458194;
piG1=0.260869565;
piT2=0.264214047;
piC2=0.237458194;
piA2=0.244147157;
piG2=0.254180602;
piT3=0.232432432;
piC3=0.232432432;
piA3=0.237837838;
piG3=0.297297297;
piT4=0.267558528;
piC4=0.244147157;
piA4=0.240802676;
piG4=0.247491639;
