rACp=2.7873;
rAGp=5.4161;
rATp=1;
rCGp=2.7873;
rTCp=5.4161;
rTGp=1;
piAp=0.25;
piCp=0.25;
piGp=0.25;
piTp=0.25;
piT1=0.310000000;
piC1=0.230000000;
piA1=0.260000000;
piG1=0.200000000;
piT2=0.310000000;
piC2=0.235000000;
piA2=0.265000000;
piG2=0.190000000;
piT3=0.311475410;
piC3=0.262295082;
piA3=0.240437158;
piG3=0.185792350;
piT4=0.285000000;
piC4=0.305000000;
piA4=0.230000000;
piG4=0.180000000;
