rACp=1;
rAGp=3.4494;
rATp=1;
rCGp=1;
rTCp=4.8328;
rTGp=1;
piAp=0.25;
piCp=0.25;
piGp=0.25;
piTp=0.25;
piT1=0.296089385;
piC1=0.231843575;
piA1=0.234636872;
piG1=0.237430168;
piT2=0.289256198;
piC2=0.228650138;
piA2=0.225895317;
piG2=0.256198347;
piT3=0.276363636;
piC3=0.250909091;
piA3=0.229090909;
piG3=0.243636364;
piT4=0.284090909;
piC4=0.235795455;
piA4=0.238636364;
piG4=0.241477273;
