rACp=0.4782;
rAGp=3.1403;
rATp=0.4782;
rCGp=1;
rTCp=3.1403;
rTGp=1;
piAp=0.25;
piCp=0.25;
piGp=0.25;
piTp=0.25;
piT1=0.264462810;
piC1=0.140495868;
piA1=0.297520661;
piG1=0.297520661;
piT2=0.272727273;
piC2=0.132231405;
piA2=0.314049587;
piG2=0.280991736;
piT3=0.264462810;
piC3=0.148760331;
piA3=0.330578512;
piG3=0.256198347;
piT4=0.272727273;
piC4=0.148760331;
piA4=0.355371901;
piG4=0.223140496;
