rACp=1;
rAGp=3.0291;
rATp=1;
rCGp=1;
rTCp=3.0291;
rTGp=1;
piAp=0.3952;
piCp=0.1874;
piGp=0.1655;
piTp=0.2519;
piT1=0.254901961;
piC1=0.186274510;
piA1=0.395424837;
piG1=0.163398693;
piT2=0.251633987;
piC2=0.189542484;
piA2=0.395424837;
piG2=0.163398693;
piT3=0.249122807;
piC3=0.189473684;
piA3=0.400000000;
piG3=0.161403509;
piT4=0.255737705;
piC4=0.196721311;
piA4=0.390163934;
piG4=0.157377049;
