rACp=0.3624;
rAGp=0.986;
rATp=0.3624;
rCGp=1;
rTCp=2.7137;
rTGp=1;
piAp=0.25;
piCp=0.25;
piGp=0.25;
piTp=0.25;
piT1=0.292307692;
piC1=0.253846154;
piA1=0.226923077;
piG1=0.226923077;
piT2=0.300000000;
piC2=0.242307692;
piA2=0.230769231;
piG2=0.226923077;
piT3=0.311538462;
piC3=0.226923077;
piA3=0.234615385;
piG3=0.226923077;
piT4=0.307692308;
piC4=0.230769231;
piA4=0.226923077;
piG4=0.234615385;
