rACp=0.5959;
rAGp=2.8933;
rATp=0.5959;
rCGp=1;
rTCp=2.8933;
rTGp=1;
piAp=0.25;
piCp=0.25;
piGp=0.25;
piTp=0.25;
piT1=0.288065844;
piC1=0.176954733;
piA1=0.312757202;
piG1=0.222222222;
piT2=0.299180328;
piC2=0.159836066;
piA2=0.311475410;
piG2=0.229508197;
piT3=0.286919831;
piC3=0.160337553;
piA3=0.312236287;
piG3=0.240506329;
piT4=0.286324786;
piC4=0.170940171;
piA4=0.311965812;
piG4=0.230769231;
