rACp=1;
rAGp=4.0632;
rATp=1;
rCGp=1;
rTCp=4.0632;
rTGp=1;
piAp=0.25;
piCp=0.25;
piGp=0.25;
piTp=0.25;
piT1=0.259259259;
piC1=0.240740741;
piA1=0.271604938;
piG1=0.228395062;
piT2=0.259259259;
piC2=0.253086420;
piA2=0.283950617;
piG2=0.203703704;
piT3=0.253086420;
piC3=0.246913580;
piA3=0.302469136;
piG3=0.197530864;
piT4=0.253086420;
piC4=0.240740741;
piA4=0.277777778;
piG4=0.228395062;
