rACp=1.6476;
rAGp=4.516;
rATp=1;
rCGp=1.6476;
rTCp=4.516;
rTGp=1;
piAp=0.25;
piCp=0.25;
piGp=0.25;
piTp=0.25;
piT1=0.330049261;
piC1=0.175697865;
piA1=0.285714286;
piG1=0.208538588;
piT2=0.330049261;
piC2=0.177339901;
piA2=0.284072250;
piG2=0.208538588;
piT3=0.342500000;
piC3=0.180000000;
piA3=0.272500000;
piG3=0.205000000;
piT4=0.323481117;
piC4=0.180623974;
piA4=0.275862069;
piG4=0.220032841;
