rACp=1;
rAGp=3.3211;
rATp=1;
rCGp=1;
rTCp=1.8334;
rTGp=1;
piAp=0.25;
piCp=0.25;
piGp=0.25;
piTp=0.25;
piT1=0.227272727;
piC1=0.237373737;
piA1=0.318181818;
piG1=0.217171717;
piT2=0.227272727;
piC2=0.237373737;
piA2=0.318181818;
piG2=0.217171717;
piT3=0.219251337;
piC3=0.229946524;
piA3=0.320855615;
piG3=0.229946524;
piT4=0.233160622;
piC4=0.227979275;
piA4=0.300518135;
piG4=0.238341969;
