rACp=0.8512;
rAGp=2.9776;
rATp=0.7349;
rCGp=1.8754;
rTCp=4.0545;
rTGp=1;
piAp=0.25;
piCp=0.25;
piGp=0.25;
piTp=0.25;
piT1=0.302013423;
piC1=0.237136465;
piA1=0.297539150;
piG1=0.163310962;
piT2=0.304250559;
piC2=0.239373602;
piA2=0.297539150;
piG2=0.158836689;
piT3=0.268817204;
piC3=0.258064516;
piA3=0.301075269;
piG3=0.172043011;
piT4=0.284424379;
piC4=0.252821670;
piA4=0.282167043;
piG4=0.180586907;
