rACp=2.1402;
rAGp=4.9578;
rATp=1;
rCGp=2.1402;
rTCp=4.9578;
rTGp=1;
piAp=0.25;
piCp=0.25;
piGp=0.25;
piTp=0.25;
piT1=0.339920949;
piC1=0.169960474;
piA1=0.312252964;
piG1=0.177865613;
piT2=0.335968379;
piC2=0.169960474;
piA2=0.316205534;
piG2=0.177865613;
piT3=0.329365079;
piC3=0.174603175;
piA3=0.313492063;
piG3=0.182539683;
piT4=0.325396825;
piC4=0.182539683;
piA4=0.317460317;
piG4=0.174603175;
