rACp=1.7068;
rAGp=4.993;
rATp=1;
rCGp=1.7068;
rTCp=4.993;
rTGp=1;
piAp=0.25;
piCp=0.25;
piGp=0.25;
piTp=0.25;
piT1=0.222707424;
piC1=0.200873362;
piA1=0.336244541;
piG1=0.240174672;
piT2=0.218340611;
piC2=0.205240175;
piA2=0.331877729;
piG2=0.244541485;
piT3=0.208737864;
piC3=0.213592233;
piA3=0.344660194;
piG3=0.233009709;
piT4=0.227074236;
piC4=0.213973799;
piA4=0.305676856;
piG4=0.253275109;
