rACp=0.6094;
rAGp=1.8643;
rATp=0.6094;
rCGp=1;
rTCp=1.8643;
rTGp=1;
piAp=0.25;
piCp=0.25;
piGp=0.25;
piTp=0.25;
piT1=0.304812834;
piC1=0.203208556;
piA1=0.315508021;
piG1=0.176470588;
piT2=0.299465241;
piC2=0.208556150;
piA2=0.310160428;
piG2=0.181818182;
piT3=0.294117647;
piC3=0.224598930;
piA3=0.310160428;
piG3=0.171122995;
piT4=0.294797688;
piC4=0.242774566;
piA4=0.271676301;
piG4=0.190751445;
