rACp=1;
rAGp=3.0049;
rATp=1;
rCGp=1;
rTCp=3.0049;
rTGp=1;
piAp=0.25;
piCp=0.25;
piGp=0.25;
piTp=0.25;
piT1=0.301369863;
piC1=0.178082192;
piA1=0.277397260;
piG1=0.243150685;
piT2=0.296551724;
piC2=0.179310345;
piA2=0.286206897;
piG2=0.237931034;
piT3=0.287179487;
piC3=0.184615385;
piA3=0.282051282;
piG3=0.246153846;
piT4=0.291095890;
piC4=0.191780822;
piA4=0.280821918;
piG4=0.236301370;
