rACp=1;
rAGp=2.3757;
rATp=1;
rCGp=1;
rTCp=3.5909;
rTGp=1;
piAp=0.25;
piCp=0.25;
piGp=0.25;
piTp=0.25;
piT1=0.248000000;
piC1=0.208000000;
piA1=0.260000000;
piG1=0.284000000;
piT2=0.248000000;
piC2=0.208000000;
piA2=0.264000000;
piG2=0.280000000;
piT3=0.246861925;
piC3=0.209205021;
piA3=0.259414226;
piG3=0.284518828;
piT4=0.236947791;
piC4=0.204819277;
piA4=0.265060241;
piG4=0.293172691;
