rACp=2.1414;
rAGp=3.2196;
rATp=1;
rCGp=2.1414;
rTCp=4.6382;
rTGp=1;
piAp=0.25;
piCp=0.25;
piGp=0.25;
piTp=0.25;
piT1=0.294520548;
piC1=0.203196347;
piA1=0.317351598;
piG1=0.184931507;
piT2=0.292237443;
piC2=0.203196347;
piA2=0.326484018;
piG2=0.178082192;
piT3=0.285046729;
piC3=0.200934579;
piA3=0.359813084;
piG3=0.154205607;
piT4=0.288834951;
piC4=0.196601942;
piA4=0.327669903;
piG4=0.186893204;
