rACp=1.3146;
rAGp=5.9224;
rATp=1.3317;
rCGp=2.828;
rTCp=5.9224;
rTGp=1;
piAp=0.25;
piCp=0.25;
piGp=0.25;
piTp=0.25;
piT1=0.238317757;
piC1=0.242990654;
piA1=0.273364486;
piG1=0.245327103;
piT2=0.242990654;
piC2=0.235981308;
piA2=0.278037383;
piG2=0.242990654;
piT3=0.246105919;
piC3=0.249221184;
piA3=0.267912773;
piG3=0.236760125;
piT4=0.240476190;
piC4=0.245238095;
piA4=0.271428571;
piG4=0.242857143;
