rACp=0.6572;
rAGp=2.8072;
rATp=0.6572;
rCGp=1;
rTCp=2.8072;
rTGp=1;
piAp=0.25;
piCp=0.25;
piGp=0.25;
piTp=0.25;
piT1=0.335347432;
piC1=0.193353474;
piA1=0.256797583;
piG1=0.214501511;
piT2=0.329305136;
piC2=0.205438066;
piA2=0.256797583;
piG2=0.208459215;
piT3=0.330033003;
piC3=0.191419142;
piA3=0.267326733;
piG3=0.211221122;
piT4=0.311526480;
piC4=0.190031153;
piA4=0.261682243;
piG4=0.236760125;
