rACp=1;
rAGp=3.1909;
rATp=1;
rCGp=1;
rTCp=3.1909;
rTGp=1;
piAp=0.25;
piCp=0.25;
piGp=0.25;
piTp=0.25;
piT1=0.271777003;
piC1=0.250871080;
piA1=0.257839721;
piG1=0.219512195;
piT2=0.275261324;
piC2=0.243902439;
piA2=0.257839721;
piG2=0.222996516;
piT3=0.300000000;
piC3=0.213636364;
piA3=0.272727273;
piG3=0.213636364;
piT4=0.283216783;
piC4=0.223776224;
piA4=0.276223776;
piG4=0.216783217;
