rACp=1;
rAGp=3.3635;
rATp=1.5375;
rCGp=1.5375;
rTCp=3.3635;
rTGp=1;
piAp=0.25;
piCp=0.25;
piGp=0.25;
piTp=0.25;
piT1=0.301848049;
piC1=0.188911704;
piA1=0.320328542;
piG1=0.188911704;
piT2=0.303901437;
piC2=0.188911704;
piA2=0.318275154;
piG2=0.188911704;
piT3=0.276041667;
piC3=0.216145833;
piA3=0.309895833;
piG3=0.197916667;
piT4=0.294845361;
piC4=0.195876289;
piA4=0.303092784;
piG4=0.206185567;
