rACp=1;
rAGp=4.903;
rATp=1;
rCGp=1;
rTCp=2.5463;
rTGp=1;
piAp=0.25;
piCp=0.25;
piGp=0.25;
piTp=0.25;
piT1=0.278195489;
piC1=0.172932331;
piA1=0.319548872;
piG1=0.229323308;
piT2=0.278195489;
piC2=0.169172932;
piA2=0.319548872;
piG2=0.233082707;
piT3=0.280991736;
piC3=0.161157025;
piA3=0.297520661;
piG3=0.260330579;
piT4=0.280632411;
piC4=0.169960474;
piA4=0.304347826;
piG4=0.245059289;
