rACp=1.6784;
rAGp=3.322;
rATp=1;
rCGp=1.6784;
rTCp=5.3482;
rTGp=1;
piAp=0.25;
piCp=0.25;
piGp=0.25;
piTp=0.25;
piT1=0.197604790;
piC1=0.275449102;
piA1=0.221556886;
piG1=0.305389222;
piT2=0.233532934;
piC2=0.245508982;
piA2=0.233532934;
piG2=0.287425150;
piT3=0.239520958;
piC3=0.251497006;
piA3=0.257485030;
piG3=0.251497006;
piT4=0.203592814;
piC4=0.257485030;
piA4=0.263473054;
piG4=0.275449102;
