rACp=0.832;
rAGp=6.2291;
rATp=0.6533;
rCGp=3.0118;
rTCp=3.2137;
rTGp=1;
piAp=0.25;
piCp=0.25;
piGp=0.25;
piTp=0.25;
piT1=0.253164557;
piC1=0.243670886;
piA1=0.231012658;
piG1=0.272151899;
piT2=0.256329114;
piC2=0.240506329;
piA2=0.234177215;
piG2=0.268987342;
piT3=0.254480287;
piC3=0.240143369;
piA3=0.229390681;
piG3=0.275985663;
piT4=0.253968254;
piC4=0.244444444;
piA4=0.225396825;
piG4=0.276190476;
