rACp=1;
rAGp=3.6249;
rATp=1;
rCGp=1;
rTCp=1.8323;
rTGp=1;
piAp=0.25;
piCp=0.25;
piGp=0.25;
piTp=0.25;
piT1=0.288389513;
piC1=0.228464419;
piA1=0.239700375;
piG1=0.243445693;
piT2=0.292134831;
piC2=0.224719101;
piA2=0.243445693;
piG2=0.239700375;
piT3=0.290909091;
piC3=0.227272727;
piA3=0.268181818;
piG3=0.213636364;
piT4=0.292887029;
piC4=0.234309623;
piA4=0.259414226;
piG4=0.213389121;
