rACp=1.7902;
rAGp=3.5568;
rATp=1;
rCGp=1.7902;
rTCp=5.8555;
rTGp=1;
piAp=0.25;
piCp=0.25;
piGp=0.25;
piTp=0.25;
piT1=0.268361582;
piC1=0.271186441;
piA1=0.234463277;
piG1=0.225988701;
piT2=0.268361582;
piC2=0.271186441;
piA2=0.228813559;
piG2=0.231638418;
piT3=0.323144105;
piC3=0.275109170;
piA3=0.218340611;
piG3=0.183406114;
piT4=0.278260870;
piC4=0.263768116;
piA4=0.228985507;
piG4=0.228985507;
