rACp=0.5658;
rAGp=2.179;
rATp=0.5658;
rCGp=1;
rTCp=3.8296;
rTGp=1;
piAp=0.25;
piCp=0.25;
piGp=0.25;
piTp=0.25;
piT1=0.243055556;
piC1=0.215277778;
piA1=0.270833333;
piG1=0.270833333;
piT2=0.243055556;
piC2=0.215277778;
piA2=0.267361111;
piG2=0.274305556;
piT3=0.270967742;
piC3=0.232258065;
piA3=0.206451613;
piG3=0.290322581;
piT4=0.246527778;
piC4=0.229166667;
piA4=0.243055556;
piG4=0.281250000;
