rACp=1.701;
rAGp=4.8047;
rATp=1;
rCGp=1.701;
rTCp=4.8047;
rTGp=1;
piAp=0.2130;
piCp=0.2408;
piGp=0.2804;
piTp=0.2658;
piT1=0.267759563;
piC1=0.232240437;
piA1=0.218579235;
piG1=0.281420765;
piT2=0.265027322;
piC2=0.232240437;
piA2=0.224043716;
piG2=0.278688525;
piT3=0.250793651;
piC3=0.276190476;
piA3=0.209523810;
piG3=0.263492063;
piT4=0.248571429;
piC4=0.282857143;
piA4=0.208571429;
piG4=0.260000000;
