rACp=1;
rAGp=4.4904;
rATp=1;
rCGp=1;
rTCp=4.4904;
rTGp=1;
piAp=0.25;
piCp=0.25;
piGp=0.25;
piTp=0.25;
piT1=0.268750000;
piC1=0.220833333;
piA1=0.279166667;
piG1=0.231250000;
piT2=0.264583333;
piC2=0.222916667;
piA2=0.283333333;
piG2=0.229166667;
piT3=0.267148014;
piC3=0.191335740;
piA3=0.277978339;
piG3=0.263537906;
piT4=0.255765199;
piC4=0.228511530;
piA4=0.283018868;
piG4=0.232704403;
