rACp=1;
rAGp=2.9126;
rATp=1;
rCGp=1;
rTCp=2.9126;
rTGp=1;
piAp=0.25;
piCp=0.25;
piGp=0.25;
piTp=0.25;
piT1=0.252595156;
piC1=0.259515571;
piA1=0.301038062;
piG1=0.186851211;
piT2=0.258741259;
piC2=0.244755245;
piA2=0.297202797;
piG2=0.199300699;
piT3=0.251879699;
piC3=0.244360902;
piA3=0.296992481;
piG3=0.206766917;
piT4=0.257352941;
piC4=0.257352941;
piA4=0.290441176;
piG4=0.194852941;
