rACp=1.6799;
rAGp=5.0834;
rATp=1;
rCGp=1.6799;
rTCp=3.0661;
rTGp=1;
piAp=0.25;
piCp=0.25;
piGp=0.25;
piTp=0.25;
piT1=0.228426396;
piC1=0.263959391;
piA1=0.248730964;
piG1=0.258883249;
piT2=0.233502538;
piC2=0.269035533;
piA2=0.243654822;
piG2=0.253807107;
piT3=0.241935484;
piC3=0.268817204;
piA3=0.241935484;
piG3=0.247311828;
piT4=0.247311828;
piC4=0.274193548;
piA4=0.225806452;
piG4=0.252688172;
