rACp=0.6706;
rAGp=2.6312;
rATp=0.6706;
rCGp=1;
rTCp=2.6312;
rTGp=1;
piAp=0.25;
piCp=0.25;
piGp=0.25;
piTp=0.25;
piT1=0.230263158;
piC1=0.226973684;
piA1=0.315789474;
piG1=0.226973684;
piT2=0.235099338;
piC2=0.221854305;
piA2=0.321192053;
piG2=0.221854305;
piT3=0.243902439;
piC3=0.216027875;
piA3=0.310104530;
piG3=0.229965157;
piT4=0.233552632;
piC4=0.223684211;
piA4=0.315789474;
piG4=0.226973684;
