rACp=1.8017;
rAGp=8.8901;
rATp=1;
rCGp=1.8017;
rTCp=3.7883;
rTGp=1;
piAp=0.25;
piCp=0.25;
piGp=0.25;
piTp=0.25;
piT1=0.291296625;
piC1=0.204262877;
piA1=0.287744227;
piG1=0.216696270;
piT2=0.289520426;
piC2=0.204262877;
piA2=0.289520426;
piG2=0.216696270;
piT3=0.318644068;
piC3=0.206779661;
piA3=0.267796610;
piG3=0.206779661;
piT4=0.295373665;
piC4=0.204626335;
piA4=0.293594306;
piG4=0.206405694;
