rACp=1;
rAGp=3.5997;
rATp=1;
rCGp=1;
rTCp=3.5997;
rTGp=1;
piAp=0.25;
piCp=0.25;
piGp=0.25;
piTp=0.25;
piT1=0.258675079;
piC1=0.233438486;
piA1=0.290220820;
piG1=0.217665615;
piT2=0.253125000;
piC2=0.243750000;
piA2=0.300000000;
piG2=0.203125000;
piT3=0.257861635;
piC3=0.229559748;
piA3=0.308176101;
piG3=0.204402516;
piT4=0.254716981;
piC4=0.229559748;
piA4=0.308176101;
piG4=0.207547170;
