rACp=1;
rAGp=4.3764;
rATp=1;
rCGp=1;
rTCp=3.0206;
rTGp=1;
piAp=0.25;
piCp=0.25;
piGp=0.25;
piTp=0.25;
piT1=0.248571429;
piC1=0.245714286;
piA1=0.300000000;
piG1=0.205714286;
piT2=0.248554913;
piC2=0.245664740;
piA2=0.312138728;
piG2=0.193641618;
piT3=0.240000000;
piC3=0.246153846;
piA3=0.320000000;
piG3=0.193846154;
piT4=0.269461078;
piC4=0.236526946;
piA4=0.281437126;
piG4=0.212574850;
