rACp=1;
rAGp=2.1592;
rATp=1;
rCGp=1;
rTCp=3.7157;
rTGp=1;
piAp=0.25;
piCp=0.25;
piGp=0.25;
piTp=0.25;
piT1=0.334494774;
piC1=0.216027875;
piA1=0.243902439;
piG1=0.205574913;
piT2=0.334494774;
piC2=0.216027875;
piA2=0.240418118;
piG2=0.209059233;
piT3=0.344036697;
piC3=0.197247706;
piA3=0.211009174;
piG3=0.247706422;
piT4=0.324041812;
piC4=0.229965157;
piA4=0.236933798;
piG4=0.209059233;
