rACp=1;
rAGp=2.257;
rATp=1;
rCGp=1;
rTCp=2.257;
rTGp=1;
piAp=0.25;
piCp=0.25;
piGp=0.25;
piTp=0.25;
piT1=0.269662921;
piC1=0.179775281;
piA1=0.303370787;
piG1=0.247191011;
piT2=0.279329609;
piC2=0.173184358;
piA2=0.296089385;
piG2=0.251396648;
piT3=0.262569832;
piC3=0.195530726;
piA3=0.290502793;
piG3=0.251396648;
piT4=0.262569832;
piC4=0.195530726;
piA4=0.284916201;
piG4=0.256983240;
