rACp=0.5051;
rAGp=1.6934;
rATp=0.5051;
rCGp=1;
rTCp=2.6283;
rTGp=1;
piAp=0.25;
piCp=0.25;
piGp=0.25;
piTp=0.25;
piT1=0.352941176;
piC1=0.241830065;
piA1=0.218954248;
piG1=0.186274510;
piT2=0.352941176;
piC2=0.241830065;
piA2=0.218954248;
piG2=0.186274510;
piT3=0.343642612;
piC3=0.243986254;
piA3=0.206185567;
piG3=0.206185567;
piT4=0.352941176;
piC4=0.238562092;
piA4=0.205882353;
piG4=0.202614379;
