rACp=1;
rAGp=3.7185;
rATp=1;
rCGp=1;
rTCp=3.7185;
rTGp=1;
piAp=0.25;
piCp=0.25;
piGp=0.25;
piTp=0.25;
piT1=0.312703583;
piC1=0.185667752;
piA1=0.306188925;
piG1=0.195439739;
piT2=0.315960912;
piC2=0.185667752;
piA2=0.302931596;
piG2=0.195439739;
piT3=0.303317536;
piC3=0.203791469;
piA3=0.322274882;
piG3=0.170616114;
piT4=0.302238806;
piC4=0.197761194;
piA4=0.287313433;
piG4=0.212686567;
