rACp=1;
rAGp=4.0003;
rATp=1;
rCGp=1;
rTCp=4.0003;
rTGp=1;
piAp=0.25;
piCp=0.25;
piGp=0.25;
piTp=0.25;
piT1=0.272727273;
piC1=0.256493506;
piA1=0.292207792;
piG1=0.178571429;
piT2=0.272727273;
piC2=0.256493506;
piA2=0.288961039;
piG2=0.181818182;
piT3=0.263959391;
piC3=0.274111675;
piA3=0.294416244;
piG3=0.167512690;
piT4=0.240259740;
piC4=0.266233766;
piA4=0.275974026;
piG4=0.217532468;
