rACp=1.3435;
rAGp=4.2745;
rATp=1;
rCGp=1.3435;
rTCp=3.1785;
rTGp=1;
piAp=0.25;
piCp=0.25;
piGp=0.25;
piTp=0.25;
piT1=0.250474383;
piC1=0.214421252;
piA1=0.314990512;
piG1=0.220113852;
piT2=0.256166983;
piC2=0.214421252;
piA2=0.309297913;
piG2=0.220113852;
piT3=0.254237288;
piC3=0.222760291;
piA3=0.297820823;
piG3=0.225181598;
piT4=0.249042146;
piC4=0.218390805;
piA4=0.304597701;
piG4=0.227969349;
