rACp=1.5462;
rAGp=4.9031;
rATp=1;
rCGp=1.5462;
rTCp=4.9031;
rTGp=1;
piAp=0.25;
piCp=0.25;
piGp=0.25;
piTp=0.25;
piT1=0.213307241;
piC1=0.207436399;
piA1=0.313111546;
piG1=0.266144814;
piT2=0.211350294;
piC2=0.201565558;
piA2=0.322896282;
piG2=0.264187867;
piT3=0.204460967;
piC3=0.219330855;
piA3=0.286245353;
piG3=0.289962825;
piT4=0.228346457;
piC4=0.194881890;
piA4=0.318897638;
piG4=0.257874016;
