rACp=1.6271;
rAGp=4.499;
rATp=1;
rCGp=1.6271;
rTCp=4.499;
rTGp=1;
piAp=0.25;
piCp=0.25;
piGp=0.25;
piTp=0.25;
piT1=0.279365079;
piC1=0.247619048;
piA1=0.269841270;
piG1=0.203174603;
piT2=0.279365079;
piC2=0.250793651;
piA2=0.257142857;
piG2=0.212698413;
piT3=0.220930233;
piC3=0.296511628;
piA3=0.250000000;
piG3=0.232558140;
piT4=0.270358306;
piC4=0.254071661;
piA4=0.257328990;
piG4=0.218241042;
