rACp=1;
rAGp=4.0099;
rATp=1;
rCGp=1;
rTCp=4.0099;
rTGp=1;
piAp=0.2857;
piCp=0.2686;
piGp=0.2929;
piTp=0.1528;
piT1=0.153846154;
piC1=0.271794872;
piA1=0.287179487;
piG1=0.287179487;
piT2=0.153846154;
piC2=0.271794872;
piA2=0.287179487;
piG2=0.287179487;
piT3=0.148717949;
piC3=0.271794872;
piA3=0.276923077;
piG3=0.302564103;
piT4=0.148717949;
piC4=0.266666667;
piA4=0.282051282;
piG4=0.302564103;
