rACp=1.1867;
rAGp=4.7652;
rATp=1.1632;
rCGp=2.5106;
rTCp=4.7652;
rTGp=1;
piAp=0.25;
piCp=0.25;
piGp=0.25;
piTp=0.25;
piT1=0.307692308;
piC1=0.214452214;
piA1=0.275058275;
piG1=0.202797203;
piT2=0.305361305;
piC2=0.216783217;
piA2=0.282051282;
piG2=0.195804196;
piT3=0.264285714;
piC3=0.225000000;
piA3=0.278571429;
piG3=0.232142857;
piT4=0.270731707;
piC4=0.248780488;
piA4=0.275609756;
piG4=0.204878049;
