rACp=0.6039;
rAGp=3.5247;
rATp=1;
rCGp=0.6039;
rTCp=2.6754;
rTGp=1;
piAp=0.25;
piCp=0.25;
piGp=0.25;
piTp=0.25;
piT1=0.268888889;
piC1=0.251111111;
piA1=0.204444444;
piG1=0.275555556;
piT2=0.267857143;
piC2=0.250000000;
piA2=0.198660714;
piG2=0.283482143;
piT3=0.268608414;
piC3=0.265372168;
piA3=0.184466019;
piG3=0.281553398;
piT4=0.273333333;
piC4=0.248888889;
piA4=0.200000000;
piG4=0.277777778;
