rACp=1;
rAGp=4.7255;
rATp=1;
rCGp=1;
rTCp=2.8626;
rTGp=1;
piAp=0.25;
piCp=0.25;
piGp=0.25;
piTp=0.25;
piT1=0.297539150;
piC1=0.210290828;
piA1=0.333333333;
piG1=0.158836689;
piT2=0.301587302;
piC2=0.206349206;
piA2=0.337868481;
piG2=0.154195011;
piT3=0.286458333;
piC3=0.223958333;
piA3=0.320312500;
piG3=0.169270833;
piT4=0.285412262;
piC4=0.213530655;
piA4=0.325581395;
piG4=0.175475687;
