rACp=1;
rAGp=2.9751;
rATp=1;
rCGp=1;
rTCp=2.9751;
rTGp=1;
piAp=0.25;
piCp=0.25;
piGp=0.25;
piTp=0.25;
piT1=0.278008299;
piC1=0.215767635;
piA1=0.286307054;
piG1=0.219917012;
piT2=0.278008299;
piC2=0.215767635;
piA2=0.273858921;
piG2=0.232365145;
piT3=0.252427184;
piC3=0.223300971;
piA3=0.262135922;
piG3=0.262135922;
piT4=0.267241379;
piC4=0.228448276;
piA4=0.284482759;
piG4=0.219827586;
