rACp=0.7153;
rAGp=2.7967;
rATp=0.7153;
rCGp=1;
rTCp=2.7967;
rTGp=1;
piAp=0.25;
piCp=0.25;
piGp=0.25;
piTp=0.25;
piT1=0.247761194;
piC1=0.229850746;
piA1=0.283582090;
piG1=0.238805970;
piT2=0.242603550;
piC2=0.239644970;
piA2=0.275147929;
piG2=0.242603550;
piT3=0.251479290;
piC3=0.233727811;
piA3=0.275147929;
piG3=0.239644970;
piT4=0.247734139;
piC4=0.232628399;
piA4=0.280966767;
piG4=0.238670695;
