rACp=1;
rAGp=3.9423;
rATp=1.7627;
rCGp=1.7627;
rTCp=3.9423;
rTGp=1;
piAp=0.25;
piCp=0.25;
piGp=0.25;
piTp=0.25;
piT1=0.338645418;
piC1=0.179282869;
piA1=0.247011952;
piG1=0.235059761;
piT2=0.338645418;
piC2=0.187250996;
piA2=0.235059761;
piG2=0.239043825;
piT3=0.323232323;
piC3=0.196969697;
piA3=0.237373737;
piG3=0.242424242;
piT4=0.308823529;
piC4=0.227941176;
piA4=0.198529412;
piG4=0.264705882;
