rACp=1;
rAGp=3.3048;
rATp=1;
rCGp=1;
rTCp=4.7518;
rTGp=1;
piAp=0.25;
piCp=0.25;
piGp=0.25;
piTp=0.25;
piT1=0.394117647;
piC1=0.208823529;
piA1=0.211764706;
piG1=0.185294118;
piT2=0.388235294;
piC2=0.214705882;
piA2=0.191176471;
piG2=0.205882353;
piT3=0.352422907;
piC3=0.215859031;
piA3=0.202643172;
piG3=0.229074890;
piT4=0.388554217;
piC4=0.210843373;
piA4=0.204819277;
piG4=0.195783133;
