rACp=1;
rAGp=3.58;
rATp=1;
rCGp=1;
rTCp=3.58;
rTGp=1;
piAp=0.25;
piCp=0.25;
piGp=0.25;
piTp=0.25;
piT1=0.303797468;
piC1=0.253164557;
piA1=0.253164557;
piG1=0.189873418;
piT2=0.303797468;
piC2=0.253164557;
piA2=0.253164557;
piG2=0.189873418;
piT3=0.304635762;
piC3=0.238410596;
piA3=0.271523179;
piG3=0.185430464;
piT4=0.298013245;
piC4=0.225165563;
piA4=0.264900662;
piG4=0.211920530;
