rACp=0.5335;
rAGp=2.0171;
rATp=0.5335;
rCGp=1;
rTCp=2.0171;
rTGp=1;
piAp=0.25;
piCp=0.25;
piGp=0.25;
piTp=0.25;
piT1=0.323529412;
piC1=0.203208556;
piA1=0.278074866;
piG1=0.195187166;
piT2=0.323529412;
piC2=0.205882353;
piA2=0.280748663;
piG2=0.189839572;
piT3=0.335548173;
piC3=0.189368771;
piA3=0.285714286;
piG3=0.189368771;
piT4=0.318181818;
piC4=0.197860963;
piA4=0.286096257;
piG4=0.197860963;
