rACp=1;
rAGp=3.5596;
rATp=1;
rCGp=1;
rTCp=5.7035;
rTGp=1;
piAp=0.25;
piCp=0.25;
piGp=0.25;
piTp=0.25;
piT1=0.291139241;
piC1=0.156118143;
piA1=0.270042194;
piG1=0.282700422;
piT2=0.282700422;
piC2=0.164556962;
piA2=0.265822785;
piG2=0.286919831;
piT3=0.280542986;
piC3=0.171945701;
piA3=0.244343891;
piG3=0.303167421;
piT4=0.275862069;
piC4=0.172413793;
piA4=0.258620690;
piG4=0.293103448;
