rACp=0.4182;
rAGp=2.2264;
rATp=0.4182;
rCGp=1;
rTCp=2.2264;
rTGp=1;
piAp=0.2482;
piCp=0.3070;
piGp=0.1538;
piTp=0.2909;
piT1=0.292978208;
piC1=0.309927361;
piA1=0.249394673;
piG1=0.147699758;
piT2=0.292978208;
piC2=0.307506053;
piA2=0.251815981;
piG2=0.147699758;
piT3=0.261261261;
piC3=0.300300300;
piA3=0.255255255;
piG3=0.183183183;
piT4=0.293689320;
piC4=0.303398058;
piA4=0.247572816;
piG4=0.155339806;
