rACp=0.4458;
rAGp=1.3832;
rATp=0.4458;
rCGp=1;
rTCp=1.3832;
rTGp=1;
piAp=0.3708;
piCp=0.1596;
piGp=0.1344;
piTp=0.3352;
piT1=0.327526132;
piC1=0.163763066;
piA1=0.369337979;
piG1=0.139372822;
piT2=0.342560554;
piC2=0.159169550;
piA2=0.366782007;
piG2=0.131487889;
piT3=0.309782609;
piC3=0.173913043;
piA3=0.391304348;
piG3=0.125000000;
piT4=0.342560554;
piC4=0.152249135;
piA4=0.366782007;
piG4=0.138408304;
