rACp=1.3876;
rAGp=3.1662;
rATp=1;
rCGp=1.3876;
rTCp=3.1662;
rTGp=1;
piAp=0.25;
piCp=0.25;
piGp=0.25;
piTp=0.25;
piT1=0.325757576;
piC1=0.257575758;
piA1=0.208333333;
piG1=0.208333333;
piT2=0.325757576;
piC2=0.265151515;
piA2=0.208333333;
piG2=0.200757576;
piT3=0.329545455;
piC3=0.257575758;
piA3=0.200757576;
piG3=0.212121212;
piT4=0.325757576;
piC4=0.268939394;
piA4=0.204545455;
piG4=0.200757576;
