rACp=1;
rAGp=2.6585;
rATp=1;
rCGp=1;
rTCp=4.5311;
rTGp=1;
piAp=0.25;
piCp=0.25;
piGp=0.25;
piTp=0.25;
piT1=0.256756757;
piC1=0.261261261;
piA1=0.292792793;
piG1=0.189189189;
piT2=0.277777778;
piC2=0.253968254;
piA2=0.285714286;
piG2=0.182539683;
piT3=0.259259259;
piC3=0.263374486;
piA3=0.283950617;
piG3=0.193415638;
piT4=0.261904762;
piC4=0.261904762;
piA4=0.289682540;
piG4=0.186507937;
