rACp=1;
rAGp=4.749;
rATp=1.9924;
rCGp=1.9924;
rTCp=4.749;
rTGp=1;
piAp=0.25;
piCp=0.25;
piGp=0.25;
piTp=0.25;
piT1=0.309121622;
piC1=0.194256757;
piA1=0.297297297;
piG1=0.199324324;
piT2=0.315878378;
piC2=0.187500000;
piA2=0.304054054;
piG2=0.192567568;
piT3=0.339622642;
piC3=0.172955975;
piA3=0.283018868;
piG3=0.204402516;
piT4=0.323181049;
piC4=0.179357022;
piA4=0.309644670;
piG4=0.187817259;
