rACp=1.9474;
rAGp=4.671;
rATp=1;
rCGp=1.9474;
rTCp=4.671;
rTGp=1;
piAp=0.25;
piCp=0.25;
piGp=0.25;
piTp=0.25;
piT1=0.364864865;
piC1=0.189189189;
piA1=0.280405405;
piG1=0.165540541;
piT2=0.361486486;
piC2=0.195945946;
piA2=0.283783784;
piG2=0.158783784;
piT3=0.366336634;
piC3=0.183168317;
piA3=0.272277228;
piG3=0.178217822;
piT4=0.347222222;
piC4=0.236111111;
piA4=0.267361111;
piG4=0.149305556;
