rACp=1;
rAGp=2.4091;
rATp=1;
rCGp=1;
rTCp=2.4091;
rTGp=1;
piAp=0.25;
piCp=0.25;
piGp=0.25;
piTp=0.25;
piT1=0.219730942;
piC1=0.228699552;
piA1=0.309417040;
piG1=0.242152466;
piT2=0.214912281;
piC2=0.232456140;
piA2=0.315789474;
piG2=0.236842105;
piT3=0.204651163;
piC3=0.232558140;
piA3=0.316279070;
piG3=0.246511628;
piT4=0.207048458;
piC4=0.237885463;
piA4=0.308370044;
piG4=0.246696035;
