rACp=1;
rAGp=2.7372;
rATp=1;
rCGp=1;
rTCp=4.8195;
rTGp=1;
piAp=0.25;
piCp=0.25;
piGp=0.25;
piTp=0.25;
piT1=0.290429043;
piC1=0.198019802;
piA1=0.277227723;
piG1=0.234323432;
piT2=0.298076923;
piC2=0.205128205;
piA2=0.275641026;
piG2=0.221153846;
piT3=0.292763158;
piC3=0.200657895;
piA3=0.273026316;
piG3=0.233552632;
piT4=0.301282051;
piC4=0.201923077;
piA4=0.266025641;
piG4=0.230769231;
