rACp=1.1148;
rAGp=6.3599;
rATp=0.9235;
rCGp=2.8587;
rTCp=4.3778;
rTGp=1;
piAp=0.25;
piCp=0.25;
piGp=0.25;
piTp=0.25;
piT1=0.295503212;
piC1=0.207708779;
piA1=0.241970021;
piG1=0.254817987;
piT2=0.302375810;
piC2=0.205183585;
piA2=0.239740821;
piG2=0.252699784;
piT3=0.270676692;
piC3=0.245614035;
piA3=0.205513784;
piG3=0.278195489;
piT4=0.280000000;
piC4=0.237894737;
piA4=0.214736842;
piG4=0.267368421;
