rACp=1.0777;
rAGp=3.1905;
rATp=0.7143;
rCGp=3.0406;
rTCp=3.1905;
rTGp=1;
piAp=0.25;
piCp=0.25;
piGp=0.25;
piTp=0.25;
piT1=0.289062500;
piC1=0.152343750;
piA1=0.273437500;
piG1=0.285156250;
piT2=0.289062500;
piC2=0.144531250;
piA2=0.281250000;
piG2=0.285156250;
piT3=0.295275591;
piC3=0.149606299;
piA3=0.267716535;
piG3=0.287401575;
piT4=0.294117647;
piC4=0.152941176;
piA4=0.274509804;
piG4=0.278431373;
