rACp=1.8488;
rAGp=5.2324;
rATp=1;
rCGp=1.8488;
rTCp=5.2324;
rTGp=1;
piAp=0.25;
piCp=0.25;
piGp=0.25;
piTp=0.25;
piT1=0.233333333;
piC1=0.257575758;
piA1=0.284848485;
piG1=0.224242424;
piT2=0.233333333;
piC2=0.257575758;
piA2=0.278787879;
piG2=0.230303030;
piT3=0.240121581;
piC3=0.237082067;
piA3=0.279635258;
piG3=0.243161094;
piT4=0.233449477;
piC4=0.243902439;
piA4=0.257839721;
piG4=0.264808362;
