rACp=1;
rAGp=4.4638;
rATp=1.6976;
rCGp=1.6976;
rTCp=4.4638;
rTGp=1;
piAp=0.25;
piCp=0.25;
piGp=0.25;
piTp=0.25;
piT1=0.250936330;
piC1=0.247191011;
piA1=0.254681648;
piG1=0.247191011;
piT2=0.247191011;
piC2=0.247191011;
piA2=0.258426966;
piG2=0.247191011;
piT3=0.234234234;
piC3=0.261261261;
piA3=0.252252252;
piG3=0.252252252;
piT4=0.218867925;
piC4=0.286792453;
piA4=0.252830189;
piG4=0.241509434;
