rACp=0.6567;
rAGp=2.24;
rATp=0.6567;
rCGp=1;
rTCp=2.24;
rTGp=1;
piAp=0.25;
piCp=0.25;
piGp=0.25;
piTp=0.25;
piT1=0.290870488;
piC1=0.222929936;
piA1=0.244161359;
piG1=0.242038217;
piT2=0.286624204;
piC2=0.231422505;
piA2=0.244161359;
piG2=0.237791932;
piT3=0.283236994;
piC3=0.234104046;
piA3=0.245664740;
piG3=0.236994220;
piT4=0.282222222;
piC4=0.228888889;
piA4=0.235555556;
piG4=0.253333333;
