rACp=1;
rAGp=3.2518;
rATp=1;
rCGp=1;
rTCp=3.2518;
rTGp=1;
piAp=0.25;
piCp=0.25;
piGp=0.25;
piTp=0.25;
piT1=0.268235294;
piC1=0.221176471;
piA1=0.303529412;
piG1=0.207058824;
piT2=0.265882353;
piC2=0.225882353;
piA2=0.301176471;
piG2=0.207058824;
piT3=0.294736842;
piC3=0.221052632;
piA3=0.280701754;
piG3=0.203508772;
piT4=0.265853659;
piC4=0.229268293;
piA4=0.304878049;
piG4=0.200000000;
