rACp=1;
rAGp=4.3357;
rATp=1;
rCGp=1;
rTCp=3.1107;
rTGp=1;
piAp=0.25;
piCp=0.25;
piGp=0.25;
piTp=0.25;
piT1=0.342629482;
piC1=0.219123506;
piA1=0.247011952;
piG1=0.191235060;
piT2=0.334661355;
piC2=0.219123506;
piA2=0.258964143;
piG2=0.187250996;
piT3=0.330357143;
piC3=0.218750000;
piA3=0.276785714;
piG3=0.174107143;
piT4=0.346938776;
piC4=0.208163265;
piA4=0.265306122;
piG4=0.179591837;
