rACp=0.3506;
rAGp=1.7078;
rATp=0.3506;
rCGp=1;
rTCp=1.7078;
rTGp=1;
piAp=0.25;
piCp=0.25;
piGp=0.25;
piTp=0.25;
piT1=0.264000000;
piC1=0.252000000;
piA1=0.252000000;
piG1=0.232000000;
piT2=0.264000000;
piC2=0.252000000;
piA2=0.252000000;
piG2=0.232000000;
piT3=0.248000000;
piC3=0.260000000;
piA3=0.268000000;
piG3=0.224000000;
piT4=0.252000000;
piC4=0.264000000;
piA4=0.260000000;
piG4=0.224000000;
