rACp=1.3925;
rAGp=3.9205;
rATp=1;
rCGp=1.3925;
rTCp=3.9205;
rTGp=1;
piAp=0.25;
piCp=0.25;
piGp=0.25;
piTp=0.25;
piT1=0.290209790;
piC1=0.223776224;
piA1=0.307692308;
piG1=0.178321678;
piT2=0.283276451;
piC2=0.232081911;
piA2=0.313993174;
piG2=0.170648464;
piT3=0.298181818;
piC3=0.210909091;
piA3=0.312727273;
piG3=0.178181818;
piT4=0.274914089;
piC4=0.243986254;
piA4=0.295532646;
piG4=0.185567010;
