rACp=1.457;
rAGp=3.2142;
rATp=1;
rCGp=1.457;
rTCp=3.2142;
rTGp=1;
piAp=0.25;
piCp=0.25;
piGp=0.25;
piTp=0.25;
piT1=0.318059299;
piC1=0.183288410;
piA1=0.291105121;
piG1=0.207547170;
piT2=0.315068493;
piC2=0.186301370;
piA2=0.293150685;
piG2=0.205479452;
piT3=0.343612335;
piC3=0.215859031;
piA3=0.255506608;
piG3=0.185022026;
piT4=0.317415730;
piC4=0.179775281;
piA4=0.278089888;
piG4=0.224719101;
