rACp=1;
rAGp=2.9228;
rATp=1;
rCGp=1;
rTCp=2.9228;
rTGp=1;
piAp=0.25;
piCp=0.25;
piGp=0.25;
piTp=0.25;
piT1=0.356435644;
piC1=0.227722772;
piA1=0.287128713;
piG1=0.128712871;
piT2=0.359813084;
piC2=0.228971963;
piA2=0.275700935;
piG2=0.135514019;
piT3=0.354497354;
piC3=0.232804233;
piA3=0.275132275;
piG3=0.137566138;
piT4=0.325358852;
piC4=0.248803828;
piA4=0.258373206;
piG4=0.167464115;
