rACp=0.4258;
rAGp=2.147;
rATp=0.4258;
rCGp=1;
rTCp=3.3176;
rTGp=1;
piAp=0.25;
piCp=0.25;
piGp=0.25;
piTp=0.25;
piT1=0.308539945;
piC1=0.179063361;
piA1=0.300275482;
piG1=0.212121212;
piT2=0.303030303;
piC2=0.179063361;
piA2=0.303030303;
piG2=0.214876033;
piT3=0.275229358;
piC3=0.186544343;
piA3=0.336391437;
piG3=0.201834862;
piT4=0.303030303;
piC4=0.173553719;
piA4=0.305785124;
piG4=0.217630854;
