rACp=1;
rAGp=2.241;
rATp=1;
rCGp=1;
rTCp=2.241;
rTGp=1;
piAp=0.25;
piCp=0.25;
piGp=0.25;
piTp=0.25;
piT1=0.340000000;
piC1=0.197142857;
piA1=0.257142857;
piG1=0.205714286;
piT2=0.342857143;
piC2=0.197142857;
piA2=0.254285714;
piG2=0.205714286;
piT3=0.318548387;
piC3=0.189516129;
piA3=0.290322581;
piG3=0.201612903;
piT4=0.346704871;
piC4=0.186246418;
piA4=0.260744986;
piG4=0.206303725;
