rACp=1;
rAGp=4.2334;
rATp=1;
rCGp=1;
rTCp=4.2334;
rTGp=1;
piAp=0.25;
piCp=0.25;
piGp=0.25;
piTp=0.25;
piT1=0.264108352;
piC1=0.248306998;
piA1=0.277652370;
piG1=0.209932280;
piT2=0.266365688;
piC2=0.246049661;
piA2=0.279909707;
piG2=0.207674944;
piT3=0.287234043;
piC3=0.239361702;
piA3=0.279255319;
piG3=0.194148936;
piT4=0.273755656;
piC4=0.246606335;
piA4=0.285067873;
piG4=0.194570136;
