rACp=1;
rAGp=2.2008;
rATp=1;
rCGp=1;
rTCp=3.3504;
rTGp=1;
piAp=0.25;
piCp=0.25;
piGp=0.25;
piTp=0.25;
piT1=0.331288344;
piC1=0.226993865;
piA1=0.208588957;
piG1=0.233128834;
piT2=0.350000000;
piC2=0.225000000;
piA2=0.225000000;
piG2=0.200000000;
piT3=0.355828221;
piC3=0.245398773;
piA3=0.208588957;
piG3=0.190184049;
piT4=0.337423313;
piC4=0.239263804;
piA4=0.220858896;
piG4=0.202453988;
