rACp=1.504;
rAGp=3.5722;
rATp=1;
rCGp=1.504;
rTCp=5.5112;
rTGp=1;
piAp=0.2444;
piCp=0.2614;
piGp=0.2571;
piTp=0.2371;
piT1=0.238596491;
piC1=0.256140351;
piA1=0.247368421;
piG1=0.257894737;
piT2=0.245614035;
piC2=0.250877193;
piA2=0.250877193;
piG2=0.252631579;
piT3=0.245382586;
piC3=0.237467018;
piA3=0.253298153;
piG3=0.263852243;
piT4=0.255319149;
piC4=0.234042553;
piA4=0.243713733;
piG4=0.266924565;
