rACp=0.3757;
rAGp=1.3367;
rATp=1;
rCGp=0.3757;
rTCp=1.3367;
rTGp=1;
piAp=0.25;
piCp=0.25;
piGp=0.25;
piTp=0.25;
piT1=0.309417040;
piC1=0.201793722;
piA1=0.210762332;
piG1=0.278026906;
piT2=0.304932735;
piC2=0.197309417;
piA2=0.215246637;
piG2=0.282511211;
piT3=0.304932735;
piC3=0.197309417;
piA3=0.206278027;
piG3=0.291479821;
piT4=0.295964126;
piC4=0.201793722;
piA4=0.215246637;
piG4=0.286995516;
