rACp=1.37;
rAGp=4.9697;
rATp=1.1461;
rCGp=4.2775;
rTCp=4.9697;
rTGp=1;
piAp=0.25;
piCp=0.25;
piGp=0.25;
piTp=0.25;
piT1=0.292626728;
piC1=0.221198157;
piA1=0.269585253;
piG1=0.216589862;
piT2=0.292626728;
piC2=0.221198157;
piA2=0.269585253;
piG2=0.216589862;
piT3=0.313479624;
piC3=0.244514107;
piA3=0.272727273;
piG3=0.169278997;
piT4=0.246973366;
piC4=0.237288136;
piA4=0.263922518;
piG4=0.251815981;
