rACp=1;
rAGp=2.7743;
rATp=1;
rCGp=1;
rTCp=3.8611;
rTGp=1;
piAp=0.25;
piCp=0.25;
piGp=0.25;
piTp=0.25;
piT1=0.289855072;
piC1=0.184782609;
piA1=0.329710145;
piG1=0.195652174;
piT2=0.289855072;
piC2=0.188405797;
piA2=0.326086957;
piG2=0.195652174;
piT3=0.258964143;
piC3=0.175298805;
piA3=0.330677291;
piG3=0.235059761;
piT4=0.279411765;
piC4=0.180147059;
piA4=0.319852941;
piG4=0.220588235;
