rACp=0.4208;
rAGp=2.8182;
rATp=0.4208;
rCGp=1;
rTCp=2.8182;
rTGp=1;
piAp=0.25;
piCp=0.25;
piGp=0.25;
piTp=0.25;
piT1=0.285714286;
piC1=0.236673774;
piA1=0.298507463;
piG1=0.179104478;
piT2=0.292110874;
piC2=0.232409382;
piA2=0.298507463;
piG2=0.176972281;
piT3=0.278481013;
piC3=0.212025316;
piA3=0.316455696;
piG3=0.193037975;
piT4=0.241635688;
piC4=0.208178439;
piA4=0.315985130;
piG4=0.234200743;
