rACp=1.5621;
rAGp=3.122;
rATp=0.4637;
rCGp=3.08;
rTCp=3.122;
rTGp=1;
piAp=0.3095;
piCp=0.1508;
piGp=0.2597;
piTp=0.2800;
piT1=0.264026403;
piC1=0.151815182;
piA1=0.316831683;
piG1=0.267326733;
piT2=0.280802292;
piC2=0.146131805;
piA2=0.315186246;
piG2=0.257879656;
piT3=0.284518828;
piC3=0.175732218;
piA3=0.284518828;
piG3=0.255230126;
piT4=0.280802292;
piC4=0.157593123;
piA4=0.306590258;
piG4=0.255014327;
