rACp=0.5559;
rAGp=2.0727;
rATp=0.5559;
rCGp=1;
rTCp=2.0727;
rTGp=1;
piAp=0.25;
piCp=0.25;
piGp=0.25;
piTp=0.25;
piT1=0.349344978;
piC1=0.157205240;
piA1=0.262008734;
piG1=0.231441048;
piT2=0.349344978;
piC2=0.161572052;
piA2=0.257641921;
piG2=0.231441048;
piT3=0.352631579;
piC3=0.173684211;
piA3=0.273684211;
piG3=0.200000000;
piT4=0.342105263;
piC4=0.171052632;
piA4=0.271929825;
piG4=0.214912281;
