rACp=0.5196;
rAGp=2.7899;
rATp=0.5196;
rCGp=1;
rTCp=2.7899;
rTGp=1;
piAp=0.2829;
piCp=0.2755;
piGp=0.1545;
piTp=0.2870;
piT1=0.292887029;
piC1=0.267782427;
piA1=0.292887029;
piG1=0.146443515;
piT2=0.297071130;
piC2=0.259414226;
piA2=0.292887029;
piG2=0.150627615;
piT3=0.284518828;
piC3=0.276150628;
piA3=0.288702929;
piG3=0.150627615;
piT4=0.292887029;
piC4=0.267782427;
piA4=0.284518828;
piG4=0.154811715;
