rACp=1;
rAGp=2.5886;
rATp=1;
rCGp=1;
rTCp=3.9795;
rTGp=1;
piAp=0.1963;
piCp=0.2970;
piGp=0.3474;
piTp=0.1593;
piT1=0.180515759;
piC1=0.280802292;
piA1=0.197707736;
piG1=0.340974212;
piT2=0.181268882;
piC2=0.274924471;
piA2=0.205438066;
piG2=0.338368580;
piT3=0.155555556;
piC3=0.257777778;
piA3=0.186666667;
piG3=0.400000000;
piT4=0.152416357;
piC4=0.275092937;
piA4=0.178438662;
piG4=0.394052045;
