rACp=1.7698;
rAGp=3.7302;
rATp=1;
rCGp=1.7698;
rTCp=3.7302;
rTGp=1;
piAp=0.25;
piCp=0.25;
piGp=0.25;
piTp=0.25;
piT1=0.243373494;
piC1=0.200000000;
piA1=0.298795181;
piG1=0.257831325;
piT2=0.248192771;
piC2=0.204819277;
piA2=0.289156627;
piG2=0.257831325;
piT3=0.258169935;
piC3=0.189542484;
piA3=0.287581699;
piG3=0.264705882;
piT4=0.236144578;
piC4=0.202409639;
piA4=0.289156627;
piG4=0.272289157;
