rACp=1;
rAGp=2.5558;
rATp=1;
rCGp=1;
rTCp=2.5558;
rTGp=1;
piAp=0.25;
piCp=0.25;
piGp=0.25;
piTp=0.25;
piT1=0.296296296;
piC1=0.207407407;
piA1=0.285185185;
piG1=0.211111111;
piT2=0.307407407;
piC2=0.196296296;
piA2=0.292592593;
piG2=0.203703704;
piT3=0.290598291;
piC3=0.205128205;
piA3=0.294871795;
piG3=0.209401709;
piT4=0.305343511;
piC4=0.217557252;
piA4=0.244274809;
piG4=0.232824427;
