rACp=1;
rAGp=3.9431;
rATp=1.3723;
rCGp=1.3723;
rTCp=3.9431;
rTGp=1;
piAp=0.25;
piCp=0.25;
piGp=0.25;
piTp=0.25;
piT1=0.316546763;
piC1=0.196642686;
piA1=0.294964029;
piG1=0.191846523;
piT2=0.318944844;
piC2=0.201438849;
piA2=0.302158273;
piG2=0.177458034;
piT3=0.348754448;
piC3=0.195729537;
piA3=0.256227758;
piG3=0.199288256;
piT4=0.314903846;
piC4=0.204326923;
piA4=0.307692308;
piG4=0.173076923;
