rACp=0.391;
rAGp=1.8984;
rATp=0.391;
rCGp=1;
rTCp=1.8984;
rTGp=1;
piAp=0.4485;
piCp=0.1331;
piGp=0.1729;
piTp=0.2456;
piT1=0.253205128;
piC1=0.131410256;
piA1=0.442307692;
piG1=0.173076923;
piT2=0.254019293;
piC2=0.128617363;
piA2=0.446945338;
piG2=0.170418006;
piT3=0.228070175;
piC3=0.122807018;
piA3=0.456140351;
piG3=0.192982456;
piT4=0.247557003;
piC4=0.127035831;
piA4=0.459283388;
piG4=0.166123779;
