rACp=1;
rAGp=3.0514;
rATp=1;
rCGp=1;
rTCp=3.0514;
rTGp=1;
piAp=0.25;
piCp=0.25;
piGp=0.25;
piTp=0.25;
piT1=0.181818182;
piC1=0.244755245;
piA1=0.328671329;
piG1=0.244755245;
piT2=0.174825175;
piC2=0.244755245;
piA2=0.335664336;
piG2=0.244755245;
piT3=0.182481752;
piC3=0.262773723;
piA3=0.328467153;
piG3=0.226277372;
piT4=0.191489362;
piC4=0.269503546;
piA4=0.333333333;
piG4=0.205673759;
