rACp=1;
rAGp=3.2648;
rATp=1.5176;
rCGp=1.5176;
rTCp=3.2648;
rTGp=1;
piAp=0.25;
piCp=0.25;
piGp=0.25;
piTp=0.25;
piT1=0.303030303;
piC1=0.209090909;
piA1=0.309090909;
piG1=0.178787879;
piT2=0.306060606;
piC2=0.206060606;
piA2=0.309090909;
piG2=0.178787879;
piT3=0.299684543;
piC3=0.211356467;
piA3=0.309148265;
piG3=0.179810726;
piT4=0.306060606;
piC4=0.203030303;
piA4=0.315151515;
piG4=0.175757576;
