rACp=1.5084;
rAGp=5.5968;
rATp=0.4228;
rCGp=6.0566;
rTCp=5.5968;
rTGp=1;
piAp=0.3392;
piCp=0.1863;
piGp=0.1760;
piTp=0.2986;
piT1=0.298507463;
piC1=0.184079602;
piA1=0.338308458;
piG1=0.179104478;
piT2=0.298507463;
piC2=0.184079602;
piA2=0.344941957;
piG2=0.172470978;
piT3=0.320754717;
piC3=0.198113208;
piA3=0.313679245;
piG3=0.167452830;
piT4=0.300165837;
piC4=0.180762852;
piA4=0.328358209;
piG4=0.190713101;
