rACp=1;
rAGp=2.7171;
rATp=1;
rCGp=1;
rTCp=4.2515;
rTGp=1;
piAp=0.25;
piCp=0.25;
piGp=0.25;
piTp=0.25;
piT1=0.256157635;
piC1=0.201970443;
piA1=0.256157635;
piG1=0.285714286;
piT2=0.251231527;
piC2=0.206896552;
piA2=0.256157635;
piG2=0.285714286;
piT3=0.256410256;
piC3=0.210256410;
piA3=0.235897436;
piG3=0.297435897;
piT4=0.256410256;
piC4=0.215384615;
piA4=0.230769231;
piG4=0.297435897;
