rACp=1;
rAGp=3.7694;
rATp=1;
rCGp=1;
rTCp=3.7694;
rTGp=1;
piAp=0.25;
piCp=0.25;
piGp=0.25;
piTp=0.25;
piT1=0.297989031;
piC1=0.219378428;
piA1=0.263254113;
piG1=0.219378428;
piT2=0.296160878;
piC2=0.221206581;
piA2=0.255941499;
piG2=0.226691042;
piT3=0.287323944;
piC3=0.225352113;
piA3=0.253521127;
piG3=0.233802817;
piT4=0.320964750;
piC4=0.217068646;
piA4=0.243042672;
piG4=0.218923933;
