rACp=0.3726;
rAGp=1.531;
rATp=0.3726;
rCGp=1;
rTCp=0.339;
rTGp=1;
piAp=0.3737;
piCp=0.1630;
piGp=0.1320;
piTp=0.3313;
piT1=0.329758713;
piC1=0.163538874;
piA1=0.375335121;
piG1=0.131367292;
piT2=0.329758713;
piC2=0.166219839;
piA2=0.372654155;
piG2=0.131367292;
piT3=0.324074074;
piC3=0.185185185;
piA3=0.370370370;
piG3=0.120370370;
piT4=0.330645161;
piC4=0.163978495;
piA4=0.376344086;
piG4=0.129032258;
