rACp=0.6248;
rAGp=2.4808;
rATp=0.6248;
rCGp=1;
rTCp=2.4808;
rTGp=1;
piAp=0.25;
piCp=0.25;
piGp=0.25;
piTp=0.25;
piT1=0.269531250;
piC1=0.261718750;
piA1=0.257812500;
piG1=0.210937500;
piT2=0.269531250;
piC2=0.265625000;
piA2=0.250000000;
piG2=0.214843750;
piT3=0.250000000;
piC3=0.213541667;
piA3=0.260416667;
piG3=0.276041667;
piT4=0.279475983;
piC4=0.231441048;
piA4=0.244541485;
piG4=0.244541485;
