rACp=1.8102;
rAGp=4.3969;
rATp=1;
rCGp=1.8102;
rTCp=4.3969;
rTGp=1;
piAp=0.25;
piCp=0.25;
piGp=0.25;
piTp=0.25;
piT1=0.319004525;
piC1=0.214932127;
piA1=0.278280543;
piG1=0.187782805;
piT2=0.314159292;
piC2=0.212389381;
piA2=0.278761062;
piG2=0.194690265;
piT3=0.295031056;
piC3=0.201863354;
piA3=0.285714286;
piG3=0.217391304;
piT4=0.310421286;
piC4=0.215077605;
piA4=0.292682927;
piG4=0.181818182;
