rACp=1.1212;
rAGp=3.8158;
rATp=0.5779;
rCGp=2.3395;
rTCp=3.8158;
rTGp=1;
piAp=0.25;
piCp=0.25;
piGp=0.25;
piTp=0.25;
piT1=0.265957447;
piC1=0.219858156;
piA1=0.312056738;
piG1=0.202127660;
piT2=0.287719298;
piC2=0.203508772;
piA2=0.340350877;
piG2=0.168421053;
piT3=0.270114943;
piC3=0.218390805;
piA3=0.327586207;
piG3=0.183908046;
piT4=0.299295775;
piC4=0.179577465;
piA4=0.334507042;
piG4=0.186619718;
