rACp=1;
rAGp=2.5655;
rATp=1;
rCGp=1;
rTCp=3.5604;
rTGp=1;
piAp=0.25;
piCp=0.25;
piGp=0.25;
piTp=0.25;
piT1=0.306358382;
piC1=0.210982659;
piA1=0.306358382;
piG1=0.176300578;
piT2=0.306358382;
piC2=0.208092486;
piA2=0.306358382;
piG2=0.179190751;
piT3=0.294354839;
piC3=0.213709677;
piA3=0.302419355;
piG3=0.189516129;
piT4=0.309904153;
piC4=0.201277955;
piA4=0.303514377;
piG4=0.185303514;
