rACp=0.8891;
rAGp=3.9246;
rATp=0.6797;
rCGp=2.2147;
rTCp=3.9246;
rTGp=1;
piAp=0.25;
piCp=0.25;
piGp=0.25;
piTp=0.25;
piT1=0.283618582;
piC1=0.168704156;
piA1=0.339853301;
piG1=0.207823961;
piT2=0.301470588;
piC2=0.159313725;
piA2=0.352941176;
piG2=0.186274510;
piT3=0.324528302;
piC3=0.147169811;
piA3=0.324528302;
piG3=0.203773585;
piT4=0.292383292;
piC4=0.174447174;
piA4=0.336609337;
piG4=0.196560197;
