rACp=0.5911;
rAGp=2.7347;
rATp=0.5911;
rCGp=1;
rTCp=2.7347;
rTGp=1;
piAp=0.25;
piCp=0.25;
piGp=0.25;
piTp=0.25;
piT1=0.274038462;
piC1=0.201923077;
piA1=0.269230769;
piG1=0.254807692;
piT2=0.283653846;
piC2=0.197115385;
piA2=0.250000000;
piG2=0.269230769;
piT3=0.282926829;
piC3=0.195121951;
piA3=0.239024390;
piG3=0.282926829;
piT4=0.271844660;
piC4=0.194174757;
piA4=0.247572816;
piG4=0.286407767;
