rACp=0.6135;
rAGp=2.2822;
rATp=0.6135;
rCGp=1;
rTCp=2.2822;
rTGp=1;
piAp=0.25;
piCp=0.25;
piGp=0.25;
piTp=0.25;
piT1=0.218340611;
piC1=0.288209607;
piA1=0.257641921;
piG1=0.235807860;
piT2=0.230434783;
piC2=0.282608696;
piA2=0.256521739;
piG2=0.230434783;
piT3=0.229885057;
piC3=0.287356322;
piA3=0.270114943;
piG3=0.212643678;
piT4=0.225663717;
piC4=0.278761062;
piA4=0.269911504;
piG4=0.225663717;
