rACp=0.4495;
rAGp=3.4867;
rATp=0.4298;
rCGp=2.2142;
rTCp=3.4867;
rTGp=1;
piAp=0.25;
piCp=0.25;
piGp=0.25;
piTp=0.25;
piT1=0.262195122;
piC1=0.195121951;
piA1=0.256097561;
piG1=0.286585366;
piT2=0.268292683;
piC2=0.182926829;
piA2=0.256097561;
piG2=0.292682927;
piT3=0.287878788;
piC3=0.181818182;
piA3=0.227272727;
piG3=0.303030303;
piT4=0.236641221;
piC4=0.213740458;
piA4=0.259541985;
piG4=0.290076336;
