rACp=1;
rAGp=2.5487;
rATp=1;
rCGp=1;
rTCp=2.5487;
rTGp=1;
piAp=0.25;
piCp=0.25;
piGp=0.25;
piTp=0.25;
piT1=0.231092437;
piC1=0.235294118;
piA1=0.319327731;
piG1=0.214285714;
piT2=0.231092437;
piC2=0.235294118;
piA2=0.319327731;
piG2=0.214285714;
piT3=0.244725738;
piC3=0.232067511;
piA3=0.308016878;
piG3=0.215189873;
piT4=0.206140351;
piC4=0.276315789;
piA4=0.280701754;
piG4=0.236842105;
