rACp=1.9424;
rAGp=2.8594;
rATp=1;
rCGp=1.9424;
rTCp=5.0668;
rTGp=1;
piAp=0.25;
piCp=0.25;
piGp=0.25;
piTp=0.25;
piT1=0.304000000;
piC1=0.192000000;
piA1=0.288000000;
piG1=0.216000000;
piT2=0.300000000;
piC2=0.196000000;
piA2=0.288000000;
piG2=0.216000000;
piT3=0.285714286;
piC3=0.182266010;
piA3=0.290640394;
piG3=0.241379310;
piT4=0.292181070;
piC4=0.189300412;
piA4=0.308641975;
piG4=0.209876543;
