rACp=1;
rAGp=5.7864;
rATp=0.4604;
rCGp=0.4604;
rTCp=5.7864;
rTGp=1;
piAp=0.25;
piCp=0.25;
piGp=0.25;
piTp=0.25;
piT1=0.268802228;
piC1=0.238161560;
piA1=0.214484680;
piG1=0.278551532;
piT2=0.270194986;
piC2=0.236768802;
piA2=0.214484680;
piG2=0.278551532;
piT3=0.266666667;
piC3=0.247058824;
piA3=0.213725490;
piG3=0.272549020;
piT4=0.275075988;
piC4=0.238601824;
piA4=0.215805471;
piG4=0.270516717;
