rACp=0.8423;
rAGp=2.0557;
rATp=0.7416;
rCGp=3.5257;
rTCp=2.0557;
rTGp=1;
piAp=0.25;
piCp=0.25;
piGp=0.25;
piTp=0.25;
piT1=0.298701299;
piC1=0.172077922;
piA1=0.288961039;
piG1=0.240259740;
piT2=0.298701299;
piC2=0.172077922;
piA2=0.292207792;
piG2=0.237012987;
piT3=0.302931596;
piC3=0.169381107;
piA3=0.289902280;
piG3=0.237785016;
piT4=0.288961039;
piC4=0.185064935;
piA4=0.279220779;
piG4=0.246753247;
