rACp=1.7636;
rAGp=3.963;
rATp=1;
rCGp=1.7636;
rTCp=3.963;
rTGp=1;
piAp=0.25;
piCp=0.25;
piGp=0.25;
piTp=0.25;
piT1=0.326478149;
piC1=0.205655527;
piA1=0.303341902;
piG1=0.164524422;
piT2=0.331619537;
piC2=0.200514139;
piA2=0.300771208;
piG2=0.167095116;
piT3=0.318452381;
piC3=0.208333333;
piA3=0.315476190;
piG3=0.157738095;
piT4=0.308483290;
piC4=0.221079692;
piA4=0.308483290;
piG4=0.161953728;
