rACp=1;
rAGp=3.3708;
rATp=1;
rCGp=1;
rTCp=3.3708;
rTGp=1;
piAp=0.25;
piCp=0.25;
piGp=0.25;
piTp=0.25;
piT1=0.280459770;
piC1=0.183908046;
piA1=0.314942529;
piG1=0.220689655;
piT2=0.278160920;
piC2=0.181609195;
piA2=0.319540230;
piG2=0.220689655;
piT3=0.273775216;
piC3=0.187319885;
piA3=0.317002882;
piG3=0.221902017;
piT4=0.280459770;
piC4=0.183908046;
piA4=0.317241379;
piG4=0.218390805;
