rACp=1;
rAGp=2.6503;
rATp=1;
rCGp=1;
rTCp=2.6503;
rTGp=1;
piAp=0.25;
piCp=0.25;
piGp=0.25;
piTp=0.25;
piT1=0.243346008;
piC1=0.193916350;
piA1=0.300380228;
piG1=0.262357414;
piT2=0.242424242;
piC2=0.196969697;
piA2=0.295454545;
piG2=0.265151515;
piT3=0.223684211;
piC3=0.192982456;
piA3=0.320175439;
piG3=0.263157895;
piT4=0.246212121;
piC4=0.193181818;
piA4=0.306818182;
piG4=0.253787879;
