rACp=1;
rAGp=3.2435;
rATp=1.3828;
rCGp=1.3828;
rTCp=3.2435;
rTGp=1;
piAp=0.25;
piCp=0.25;
piGp=0.25;
piTp=0.25;
piT1=0.295031056;
piC1=0.189440994;
piA1=0.347826087;
piG1=0.167701863;
piT2=0.294573643;
piC2=0.155038760;
piA2=0.348837209;
piG2=0.201550388;
piT3=0.297520661;
piC3=0.190082645;
piA3=0.334710744;
piG3=0.177685950;
piT4=0.290322581;
piC4=0.174193548;
piA4=0.367741935;
piG4=0.167741935;
