rACp=1;
rAGp=3.9397;
rATp=1;
rCGp=1;
rTCp=3.9397;
rTGp=1;
piAp=0.25;
piCp=0.25;
piGp=0.25;
piTp=0.25;
piT1=0.248201439;
piC1=0.219424460;
piA1=0.305755396;
piG1=0.226618705;
piT2=0.255395683;
piC2=0.215827338;
piA2=0.305755396;
piG2=0.223021583;
piT3=0.244604317;
piC3=0.223021583;
piA3=0.302158273;
piG3=0.230215827;
piT4=0.241007194;
piC4=0.230215827;
piA4=0.294964029;
piG4=0.233812950;
