rACp=0.4759;
rAGp=2.6137;
rATp=0.4759;
rCGp=1;
rTCp=4.0346;
rTGp=1;
piAp=0.25;
piCp=0.25;
piGp=0.25;
piTp=0.25;
piT1=0.233870968;
piC1=0.181451613;
piA1=0.274193548;
piG1=0.310483871;
piT2=0.229838710;
piC2=0.185483871;
piA2=0.266129032;
piG2=0.318548387;
piT3=0.234309623;
piC3=0.175732218;
piA3=0.276150628;
piG3=0.313807531;
piT4=0.221774194;
piC4=0.189516129;
piA4=0.278225806;
piG4=0.310483871;
