rACp=1;
rAGp=5.509;
rATp=1.745;
rCGp=1.745;
rTCp=5.509;
rTGp=1;
piAp=0.25;
piCp=0.25;
piGp=0.25;
piTp=0.25;
piT1=0.207070707;
piC1=0.323232323;
piA1=0.181818182;
piG1=0.287878788;
piT2=0.219251337;
piC2=0.315508021;
piA2=0.181818182;
piG2=0.283422460;
piT3=0.212765957;
piC3=0.329787234;
piA3=0.207446809;
piG3=0.250000000;
piT4=0.252525253;
piC4=0.287878788;
piA4=0.191919192;
piG4=0.267676768;
