rACp=1.1086;
rAGp=3.7117;
rATp=0.7558;
rCGp=2.1864;
rTCp=3.7117;
rTGp=1;
piAp=0.25;
piCp=0.25;
piGp=0.25;
piTp=0.25;
piT1=0.323529412;
piC1=0.188235294;
piA1=0.300000000;
piG1=0.188235294;
piT2=0.322580645;
piC2=0.187683284;
piA2=0.299120235;
piG2=0.190615836;
piT3=0.316205534;
piC3=0.181818182;
piA3=0.280632411;
piG3=0.221343874;
piT4=0.305389222;
piC4=0.197604790;
piA4=0.287425150;
piG4=0.209580838;
