rACp=1;
rAGp=1.526;
rATp=1;
rCGp=1;
rTCp=1.526;
rTGp=1;
piAp=0.25;
piCp=0.25;
piGp=0.25;
piTp=0.25;
piT1=0.212276215;
piC1=0.263427110;
piA1=0.289002558;
piG1=0.235294118;
piT2=0.212276215;
piC2=0.263427110;
piA2=0.289002558;
piG2=0.235294118;
piT3=0.192090395;
piC3=0.274011299;
piA3=0.285310734;
piG3=0.248587571;
piT4=0.191214470;
piC4=0.284237726;
piA4=0.271317829;
piG4=0.253229974;
