rACp=1;
rAGp=4.1129;
rATp=1;
rCGp=1;
rTCp=4.1129;
rTGp=1;
piAp=0.25;
piCp=0.25;
piGp=0.25;
piTp=0.25;
piT1=0.230529595;
piC1=0.271028037;
piA1=0.252336449;
piG1=0.246105919;
piT2=0.241935484;
piC2=0.270967742;
piA2=0.238709677;
piG2=0.248387097;
piT3=0.233644860;
piC3=0.264797508;
piA3=0.252336449;
piG3=0.249221184;
piT4=0.215613383;
piC4=0.282527881;
piA4=0.245353160;
piG4=0.256505576;
