rACp=1;
rAGp=3.9566;
rATp=1;
rCGp=1;
rTCp=3.9566;
rTGp=1;
piAp=0.25;
piCp=0.25;
piGp=0.25;
piTp=0.25;
piT1=0.296167247;
piC1=0.268292683;
piA1=0.240418118;
piG1=0.195121951;
piT2=0.296167247;
piC2=0.261324042;
piA2=0.243902439;
piG2=0.198606272;
piT3=0.292682927;
piC3=0.292682927;
piA3=0.219512195;
piG3=0.195121951;
piT4=0.282229965;
piC4=0.257839721;
piA4=0.264808362;
piG4=0.195121951;
