rACp=1.7679;
rAGp=4.5279;
rATp=1;
rCGp=1.7679;
rTCp=4.5279;
rTGp=1;
piAp=0.25;
piCp=0.25;
piGp=0.25;
piTp=0.25;
piT1=0.283464567;
piC1=0.232283465;
piA1=0.291338583;
piG1=0.192913386;
piT2=0.287449393;
piC2=0.234817814;
piA2=0.287449393;
piG2=0.190283401;
piT3=0.280632411;
piC3=0.225296443;
piA3=0.296442688;
piG3=0.197628458;
piT4=0.284584980;
piC4=0.217391304;
piA4=0.292490119;
piG4=0.205533597;
