rACp=1;
rAGp=1.7436;
rATp=1;
rCGp=1;
rTCp=1.7436;
rTGp=1;
piAp=0.25;
piCp=0.25;
piGp=0.25;
piTp=0.25;
piT1=0.295774648;
piC1=0.239436620;
piA1=0.278169014;
piG1=0.186619718;
piT2=0.295774648;
piC2=0.239436620;
piA2=0.278169014;
piG2=0.186619718;
piT3=0.287822878;
piC3=0.247232472;
piA3=0.280442804;
piG3=0.184501845;
piT4=0.302816901;
piC4=0.232394366;
piA4=0.274647887;
piG4=0.190140845;
