rACp=1;
rAGp=2.9471;
rATp=1;
rCGp=1;
rTCp=2.9471;
rTGp=1;
piAp=0.25;
piCp=0.25;
piGp=0.25;
piTp=0.25;
piT1=0.306759099;
piC1=0.183708839;
piA1=0.284228769;
piG1=0.225303293;
piT2=0.310225303;
piC2=0.178509532;
piA2=0.284228769;
piG2=0.227036395;
piT3=0.306818182;
piC3=0.187500000;
piA3=0.289772727;
piG3=0.215909091;
piT4=0.311846690;
piC4=0.179442509;
piA4=0.278745645;
piG4=0.229965157;
