rACp=0.62;
rAGp=3.3617;
rATp=0.62;
rCGp=1;
rTCp=3.3617;
rTGp=1;
piAp=0.25;
piCp=0.25;
piGp=0.25;
piTp=0.25;
piT1=0.321839080;
piC1=0.137931034;
piA1=0.352490421;
piG1=0.187739464;
piT2=0.325670498;
piC2=0.137931034;
piA2=0.356321839;
piG2=0.180076628;
piT3=0.304932735;
piC3=0.143497758;
piA3=0.376681614;
piG3=0.174887892;
piT4=0.326923077;
piC4=0.134615385;
piA4=0.336538462;
piG4=0.201923077;
