rACp=0.4238;
rAGp=2.5642;
rATp=0.2752;
rCGp=2.5988;
rTCp=1.3462;
rTGp=1;
piAp=0.2660;
piCp=0.2855;
piGp=0.1284;
piTp=0.3201;
piT1=0.331775701;
piC1=0.280373832;
piA1=0.266355140;
piG1=0.121495327;
piT2=0.331775701;
piC2=0.280373832;
piA2=0.271028037;
piG2=0.116822430;
piT3=0.328502415;
piC3=0.289855072;
piA3=0.265700483;
piG3=0.115942029;
piT4=0.323529412;
piC4=0.294117647;
piA4=0.269607843;
piG4=0.112745098;
