rACp=0.9049;
rAGp=3.6577;
rATp=0.6309;
rCGp=2.2961;
rTCp=3.6577;
rTGp=1;
piAp=0.25;
piCp=0.25;
piGp=0.25;
piTp=0.25;
piT1=0.302904564;
piC1=0.195020747;
piA1=0.313278008;
piG1=0.188796680;
piT2=0.304979253;
piC2=0.192946058;
piA2=0.315352697;
piG2=0.186721992;
piT3=0.318295739;
piC3=0.195488722;
piA3=0.293233083;
piG3=0.192982456;
piT4=0.297693920;
piC4=0.199161426;
piA4=0.312368973;
piG4=0.190775681;
