rACp=0.3691;
rAGp=1.9749;
rATp=0.3691;
rCGp=1;
rTCp=1.9749;
rTGp=1;
piAp=0.25;
piCp=0.25;
piGp=0.25;
piTp=0.25;
piT1=0.320930233;
piC1=0.204651163;
piA1=0.276744186;
piG1=0.197674419;
piT2=0.316279070;
piC2=0.209302326;
piA2=0.279069767;
piG2=0.195348837;
piT3=0.310704961;
piC3=0.219321149;
piA3=0.268929504;
piG3=0.201044386;
piT4=0.311627907;
piC4=0.213953488;
piA4=0.276744186;
piG4=0.197674419;
