rACp=1;
rAGp=2.3625;
rATp=1;
rCGp=1;
rTCp=2.3625;
rTGp=1;
piAp=0.25;
piCp=0.25;
piGp=0.25;
piTp=0.25;
piT1=0.336405530;
piC1=0.170506912;
piA1=0.290322581;
piG1=0.202764977;
piT2=0.328638498;
piC2=0.169014085;
piA2=0.295774648;
piG2=0.206572770;
piT3=0.335135135;
piC3=0.172972973;
piA3=0.308108108;
piG3=0.183783784;
piT4=0.345622120;
piC4=0.161290323;
piA4=0.299539171;
piG4=0.193548387;
