rACp=0.6816;
rAGp=2.5652;
rATp=0.6816;
rCGp=1;
rTCp=2.5652;
rTGp=1;
piAp=0.25;
piCp=0.25;
piGp=0.25;
piTp=0.25;
piT1=0.303514377;
piC1=0.214057508;
piA1=0.293929712;
piG1=0.188498403;
piT2=0.304761905;
piC2=0.209523810;
piA2=0.301587302;
piG2=0.184126984;
piT3=0.286919831;
piC3=0.215189873;
piA3=0.312236287;
piG3=0.185654008;
piT4=0.297124601;
piC4=0.214057508;
piA4=0.303514377;
piG4=0.185303514;
