rACp=1;
rAGp=2.8078;
rATp=1;
rCGp=1;
rTCp=2.8078;
rTGp=1;
piAp=0.25;
piCp=0.25;
piGp=0.25;
piTp=0.25;
piT1=0.224358974;
piC1=0.160256410;
piA1=0.358974359;
piG1=0.256410256;
piT2=0.217948718;
piC2=0.166666667;
piA2=0.352564103;
piG2=0.262820513;
piT3=0.209150327;
piC3=0.202614379;
piA3=0.333333333;
piG3=0.254901961;
piT4=0.262820513;
piC4=0.153846154;
piA4=0.352564103;
piG4=0.230769231;
