rACp=1;
rAGp=1.0718;
rATp=1;
rCGp=1;
rTCp=3.699;
rTGp=1;
piAp=0.25;
piCp=0.25;
piGp=0.25;
piTp=0.25;
piT1=0.375000000;
piC1=0.192708333;
piA1=0.223958333;
piG1=0.208333333;
piT2=0.381443299;
piC2=0.195876289;
piA2=0.216494845;
piG2=0.206185567;
piT3=0.377049180;
piC3=0.202185792;
piA3=0.213114754;
piG3=0.207650273;
piT4=0.375000000;
piC4=0.201086957;
piA4=0.206521739;
piG4=0.217391304;
