rACp=1;
rAGp=3.8442;
rATp=1;
rCGp=1;
rTCp=3.8442;
rTGp=1;
piAp=0.2290;
piCp=0.2737;
piGp=0.2062;
piTp=0.2911;
piT1=0.292056075;
piC1=0.273364486;
piA1=0.233644860;
piG1=0.200934579;
piT2=0.282710280;
piC2=0.282710280;
piA2=0.233644860;
piG2=0.200934579;
piT3=0.303951368;
piC3=0.267477204;
piA3=0.197568389;
piG3=0.231003040;
piT4=0.282296651;
piC4=0.277511962;
piA4=0.227272727;
piG4=0.212918660;
