rACp=0.6008;
rAGp=1.3625;
rATp=0.6008;
rCGp=1;
rTCp=2.4848;
rTGp=1;
piAp=0.25;
piCp=0.25;
piGp=0.25;
piTp=0.25;
piT1=0.308943089;
piC1=0.191056911;
piA1=0.260162602;
piG1=0.239837398;
piT2=0.317073171;
piC2=0.182926829;
piA2=0.256097561;
piG2=0.243902439;
piT3=0.313008130;
piC3=0.186991870;
piA3=0.260162602;
piG3=0.239837398;
piT4=0.288617886;
piC4=0.215447154;
piA4=0.268292683;
piG4=0.227642276;
