rACp=1.9909;
rAGp=4.241;
rATp=1;
rCGp=1.9909;
rTCp=4.241;
rTGp=1;
piAp=0.25;
piCp=0.25;
piGp=0.25;
piTp=0.25;
piT1=0.310924370;
piC1=0.210084034;
piA1=0.201680672;
piG1=0.277310924;
piT2=0.336134454;
piC2=0.184873950;
piA2=0.243697479;
piG2=0.235294118;
piT3=0.352941176;
piC3=0.168067227;
piA3=0.226890756;
piG3=0.252100840;
piT4=0.319327731;
piC4=0.201680672;
piA4=0.210084034;
piG4=0.268907563;
