rACp=0.5178;
rAGp=2.9385;
rATp=0.4582;
rCGp=2.1937;
rTCp=2.9385;
rTGp=1;
piAp=0.25;
piCp=0.25;
piGp=0.25;
piTp=0.25;
piT1=0.261494253;
piC1=0.241379310;
piA1=0.284482759;
piG1=0.212643678;
piT2=0.261494253;
piC2=0.238505747;
piA2=0.284482759;
piG2=0.215517241;
piT3=0.257462687;
piC3=0.246268657;
piA3=0.291044776;
piG3=0.205223881;
piT4=0.250728863;
piC4=0.262390671;
piA4=0.274052478;
piG4=0.212827988;
