rACp=2.2947;
rAGp=4.8681;
rATp=1;
rCGp=2.2947;
rTCp=4.8681;
rTGp=1;
piAp=0.25;
piCp=0.25;
piGp=0.25;
piTp=0.25;
piT1=0.236775819;
piC1=0.254408060;
piA1=0.342569270;
piG1=0.166246851;
piT2=0.249370277;
piC2=0.239294710;
piA2=0.355163728;
piG2=0.156171285;
piT3=0.258555133;
piC3=0.228136882;
piA3=0.338403042;
piG3=0.174904943;
piT4=0.243589744;
piC4=0.253846154;
piA4=0.353846154;
piG4=0.148717949;
