rACp=0.9048;
rAGp=4.2702;
rATp=0.9621;
rCGp=2.1135;
rTCp=4.2702;
rTGp=1;
piAp=0.25;
piCp=0.25;
piGp=0.25;
piTp=0.25;
piT1=0.304232804;
piC1=0.169312169;
piA1=0.333333333;
piG1=0.193121693;
piT2=0.298941799;
piC2=0.171957672;
piA2=0.330687831;
piG2=0.198412698;
piT3=0.297297297;
piC3=0.166666667;
piA3=0.360360360;
piG3=0.175675676;
piT4=0.298666667;
piC4=0.178666667;
piA4=0.333333333;
piG4=0.189333333;
