rACp=1.6854;
rAGp=5.8192;
rATp=0.6183;
rCGp=5.3965;
rTCp=5.8192;
rTGp=1;
piAp=0.3355;
piCp=0.1499;
piGp=0.1960;
piTp=0.3186;
piT1=0.321507761;
piC1=0.152993348;
piA1=0.332594235;
piG1=0.192904656;
piT2=0.319290466;
piC2=0.146341463;
piA2=0.339246120;
piG2=0.195121951;
piT3=0.343220339;
piC3=0.144067797;
piA3=0.355932203;
piG3=0.156779661;
piT4=0.315909091;
piC4=0.161363636;
piA4=0.336363636;
piG4=0.186363636;
