rACp=0.9909;
rAGp=2.8527;
rATp=0.4992;
rCGp=2.7399;
rTCp=2.8527;
rTGp=1;
piAp=0.25;
piCp=0.25;
piGp=0.25;
piTp=0.25;
piT1=0.221374046;
piC1=0.198473282;
piA1=0.305343511;
piG1=0.274809160;
piT2=0.236641221;
piC2=0.183206107;
piA2=0.305343511;
piG2=0.274809160;
piT3=0.156250000;
piC3=0.239583333;
piA3=0.291666667;
piG3=0.312500000;
piT4=0.175572519;
piC4=0.244274809;
piA4=0.282442748;
piG4=0.297709924;
