rACp=1;
rAGp=3.6229;
rATp=1;
rCGp=1;
rTCp=3.6229;
rTGp=1;
piAp=0.25;
piCp=0.25;
piGp=0.25;
piTp=0.25;
piT1=0.300847458;
piC1=0.199152542;
piA1=0.279661017;
piG1=0.220338983;
piT2=0.296610169;
piC2=0.203389831;
piA2=0.283898305;
piG2=0.216101695;
piT3=0.292372881;
piC3=0.203389831;
piA3=0.283898305;
piG3=0.220338983;
piT4=0.296610169;
piC4=0.199152542;
piA4=0.279661017;
piG4=0.224576271;
