rACp=1.7853;
rAGp=4.069;
rATp=1;
rCGp=1.7853;
rTCp=4.069;
rTGp=1;
piAp=0.25;
piCp=0.25;
piGp=0.25;
piTp=0.25;
piT1=0.232142857;
piC1=0.184523810;
piA1=0.294642857;
piG1=0.288690476;
piT2=0.226190476;
piC2=0.184523810;
piA2=0.294642857;
piG2=0.294642857;
piT3=0.235109718;
piC3=0.175548589;
piA3=0.285266458;
piG3=0.304075235;
piT4=0.229357798;
piC4=0.195718654;
piA4=0.293577982;
piG4=0.281345566;
