rACp=1;
rAGp=3.7367;
rATp=1;
rCGp=1;
rTCp=3.7367;
rTGp=1;
piAp=0.25;
piCp=0.25;
piGp=0.25;
piTp=0.25;
piT1=0.291262136;
piC1=0.262135922;
piA1=0.213592233;
piG1=0.233009709;
piT2=0.310679612;
piC2=0.252427184;
piA2=0.203883495;
piG2=0.233009709;
piT3=0.310679612;
piC3=0.252427184;
piA3=0.203883495;
piG3=0.233009709;
piT4=0.300970874;
piC4=0.252427184;
piA4=0.213592233;
piG4=0.233009709;
