rACp=1;
rAGp=1.4068;
rATp=0.4742;
rCGp=0.4742;
rTCp=3.0781;
rTGp=1;
piAp=0.2444;
piCp=0.2445;
piGp=0.3327;
piTp=0.1784;
piT1=0.178988327;
piC1=0.241245136;
piA1=0.249027237;
piG1=0.330739300;
piT2=0.175097276;
piC2=0.241245136;
piA2=0.252918288;
piG2=0.330739300;
piT3=0.187250996;
piC3=0.243027888;
piA3=0.258964143;
piG3=0.310756972;
piT4=0.194444444;
piC4=0.230158730;
piA4=0.250000000;
piG4=0.325396825;
