rACp=0.3084;
rAGp=1.7587;
rATp=0.3084;
rCGp=1;
rTCp=1.7587;
rTGp=1;
piAp=0.25;
piCp=0.25;
piGp=0.25;
piTp=0.25;
piT1=0.305239180;
piC1=0.195899772;
piA1=0.298405467;
piG1=0.200455581;
piT2=0.305239180;
piC2=0.193621868;
piA2=0.300683371;
piG2=0.200455581;
piT3=0.263157895;
piC3=0.214035088;
piA3=0.308771930;
piG3=0.214035088;
piT4=0.284738041;
piC4=0.200455581;
piA4=0.305239180;
piG4=0.209567198;
