rACp=1;
rAGp=2.9995;
rATp=1;
rCGp=1;
rTCp=2.9995;
rTGp=1;
piAp=0.25;
piCp=0.25;
piGp=0.25;
piTp=0.25;
piT1=0.240223464;
piC1=0.273743017;
piA1=0.254189944;
piG1=0.231843575;
piT2=0.237430168;
piC2=0.276536313;
piA2=0.256983240;
piG2=0.229050279;
piT3=0.270491803;
piC3=0.266393443;
piA3=0.262295082;
piG3=0.200819672;
piT4=0.240223464;
piC4=0.268156425;
piA4=0.262569832;
piG4=0.229050279;
