rACp=1.9304;
rAGp=4.685;
rATp=1;
rCGp=1.9304;
rTCp=4.685;
rTGp=1;
piAp=0.25;
piCp=0.25;
piGp=0.25;
piTp=0.25;
piT1=0.293159609;
piC1=0.244299674;
piA1=0.273615635;
piG1=0.188925081;
piT2=0.296416938;
piC2=0.244299674;
piA2=0.276872964;
piG2=0.182410423;
piT3=0.287197232;
piC3=0.252595156;
piA3=0.262975779;
piG3=0.197231834;
piT4=0.296666667;
piC4=0.260000000;
piA4=0.233333333;
piG4=0.210000000;
