rACp=1;
rAGp=3.7179;
rATp=1;
rCGp=1;
rTCp=3.7179;
rTGp=1;
piAp=0.25;
piCp=0.25;
piGp=0.25;
piTp=0.25;
piT1=0.195121951;
piC1=0.300813008;
piA1=0.219512195;
piG1=0.284552846;
piT2=0.195121951;
piC2=0.300813008;
piA2=0.211382114;
piG2=0.292682927;
piT3=0.203252033;
piC3=0.292682927;
piA3=0.203252033;
piG3=0.300813008;
piT4=0.203252033;
piC4=0.308943089;
piA4=0.195121951;
piG4=0.292682927;
