rACp=1;
rAGp=5.2925;
rATp=2.2833;
rCGp=2.2833;
rTCp=5.2925;
rTGp=1;
piAp=0.25;
piCp=0.25;
piGp=0.25;
piTp=0.25;
piT1=0.310344828;
piC1=0.202586207;
piA1=0.310344828;
piG1=0.176724138;
piT2=0.301724138;
piC2=0.202586207;
piA2=0.323275862;
piG2=0.172413793;
piT3=0.320197044;
piC3=0.172413793;
piA3=0.315270936;
piG3=0.192118227;
piT4=0.301310044;
piC4=0.205240175;
piA4=0.288209607;
piG4=0.205240175;
