rACp=1;
rAGp=5.8862;
rATp=1;
rCGp=1;
rTCp=2.4793;
rTGp=1;
piAp=0.25;
piCp=0.25;
piGp=0.25;
piTp=0.25;
piT1=0.208494208;
piC1=0.193050193;
piA1=0.312741313;
piG1=0.285714286;
piT2=0.208494208;
piC2=0.193050193;
piA2=0.312741313;
piG2=0.285714286;
piT3=0.236966825;
piC3=0.222748815;
piA3=0.289099526;
piG3=0.251184834;
piT4=0.221311475;
piC4=0.204918033;
piA4=0.311475410;
piG4=0.262295082;
