rACp=1;
rAGp=4.1149;
rATp=1;
rCGp=1;
rTCp=4.1149;
rTGp=1;
piAp=0.25;
piCp=0.25;
piGp=0.25;
piTp=0.25;
piT1=0.236842105;
piC1=0.230263158;
piA1=0.263157895;
piG1=0.269736842;
piT2=0.236842105;
piC2=0.230263158;
piA2=0.256578947;
piG2=0.276315789;
piT3=0.243421053;
piC3=0.217105263;
piA3=0.256578947;
piG3=0.282894737;
piT4=0.250000000;
piC4=0.217105263;
piA4=0.276315789;
piG4=0.256578947;
