rACp=0.4537;
rAGp=2.078;
rATp=0.4537;
rCGp=1;
rTCp=2.078;
rTGp=1;
piAp=0.25;
piCp=0.25;
piGp=0.25;
piTp=0.25;
piT1=0.292929293;
piC1=0.168350168;
piA1=0.303030303;
piG1=0.235690236;
piT2=0.286195286;
piC2=0.175084175;
piA2=0.306397306;
piG2=0.232323232;
piT3=0.328703704;
piC3=0.175925926;
piA3=0.236111111;
piG3=0.259259259;
piT4=0.300884956;
piC4=0.159292035;
piA4=0.309734513;
piG4=0.230088496;
