rACp=1;
rAGp=4.0435;
rATp=1;
rCGp=1;
rTCp=4.0435;
rTGp=1;
piAp=0.25;
piCp=0.25;
piGp=0.25;
piTp=0.25;
piT1=0.238670695;
piC1=0.199395770;
piA1=0.323262840;
piG1=0.238670695;
piT2=0.241691843;
piC2=0.196374622;
piA2=0.320241692;
piG2=0.241691843;
piT3=0.252707581;
piC3=0.216606498;
piA3=0.303249097;
piG3=0.227436823;
piT4=0.247734139;
piC4=0.196374622;
piA4=0.320241692;
piG4=0.235649547;
