rACp=1.9939;
rAGp=3.7599;
rATp=1;
rCGp=1.9939;
rTCp=3.7599;
rTGp=1;
piAp=0.25;
piCp=0.25;
piGp=0.25;
piTp=0.25;
piT1=0.319277108;
piC1=0.120481928;
piA1=0.210843373;
piG1=0.349397590;
piT2=0.310126582;
piC2=0.113924051;
piA2=0.234177215;
piG2=0.341772152;
piT3=0.301204819;
piC3=0.132530120;
piA3=0.222891566;
piG3=0.343373494;
piT4=0.309090909;
piC4=0.139393939;
piA4=0.193939394;
piG4=0.357575758;
